Name,mtd_interval,MEF,ASR,time_to_compromise,host_compromise_ratio,network_size,exposed_endpoints,attack_path_exposure,ROA,risk,shortest_path_variability
mtd_ai,200,0.005080872098303353,0.35714285714285715,2135.8651782032284,0.05333333333333334,150,5,0.15833333333333333,0.5498876789325936,1.8675386459873995,0.0
mtd_ai,200,0.005080872098303353,0.375,3979.553166558753,0.10666666666666667,150,5,0.15833333333333333,0.5498876789325936,1.8675386459873995,0.0
mtd_ai,200,0.005080872098303353,0.45,4491.774145162652,0.15333333333333332,150,5,0.15833333333333333,0.5498876789325936,1.8675386459873995,0.0
mtd_ai,200,0.005080872098303353,0.4918032786885246,5185.9009767682455,0.20666666666666667,150,5,0.15833333333333333,0.5498876789325936,1.8675386459873995,0.0
mtd_ai,200,0.005080872098303353,0.5208333333333334,5740.31598541956,0.25333333333333335,150,5,0.15833333333333333,0.5498876789325936,1.8675386459873995,0.0
mtd_ai,200,0.0050846591418993664,0.3409090909090909,2690.544077332939,0.05333333333333334,150,5,0.11933333333333332,0.5450093769693789,1.9403000153064154,0.0
mtd_ai,200,0.0050846591418993664,0.4166666666666667,3849.2032784393214,0.10666666666666667,150,5,0.11933333333333332,0.5450093769693789,1.9403000153064154,0.0
mtd_ai,200,0.0050846591418993664,0.4787234042553192,4506.687135406768,0.15333333333333332,150,5,0.11933333333333332,0.5450093769693789,1.9403000153064154,0.0
mtd_ai,200,0.0050846591418993664,0.5084745762711864,4924.545679037912,0.20666666666666667,150,5,0.11933333333333332,0.5450093769693789,1.9403000153064154,0.0
mtd_ai,200,0.0050846591418993664,0.5208333333333334,5904.210217861467,0.25333333333333335,150,5,0.11933333333333332,0.5450093769693789,1.9403000153064154,0.0
mtd_ai,200,0.005081827733007591,0.5,1208.623158707051,0.05333333333333334,150,5,0.16977777777777778,0.09076059551832355,0.254063535166855,0.0
mtd_ai,200,0.005081827733007591,0.36585365853658536,3875.1409600383117,0.10666666666666667,150,5,0.16977777777777778,0.09076059551832355,0.254063535166855,0.0
mtd_ai,200,0.005081827733007591,0.3813559322033898,5249.89992866025,0.15333333333333332,150,5,0.16977777777777778,0.09076059551832355,0.254063535166855,0.0
mtd_ai,200,0.005081827733007591,0.4166666666666667,5705.5411750891235,0.20666666666666667,150,5,0.16977777777777778,0.09076059551832355,0.254063535166855,0.0
mtd_ai,200,0.005081827733007591,0.47468354430379744,5944.505173787316,0.25333333333333335,150,5,0.16977777777777778,0.09076059551832355,0.254063535166855,0.0
mtd_ai,200,0.005067373392116346,0.32608695652173914,2118.663722966927,0.05333333333333334,150,5,0.12444444444444443,0.7259875861090335,2.522949779098247,0.0
mtd_ai,200,0.005067373392116346,0.39473684210526316,3090.900633303283,0.10666666666666667,150,5,0.12444444444444443,0.7259875861090335,2.522949779098247,0.0
mtd_ai,200,0.005067373392116346,0.4090909090909091,4978.384441090018,0.15333333333333332,150,5,0.12444444444444443,0.7259875861090335,2.522949779098247,0.0
mtd_ai,200,0.005067373392116346,0.43478260869565216,5890.796741882768,0.20666666666666667,150,5,0.12444444444444443,0.7259875861090335,2.522949779098247,0.0
mtd_ai,200,0.005067373392116346,0.47468354430379744,6449.7161982589605,0.25333333333333335,150,5,0.12444444444444443,0.7259875861090335,2.522949779098247,0.0
mtd_ai,200,0.0050863077305659385,0.28846153846153844,2594.0272847580836,0.05333333333333334,150,5,0.15222222222222223,0.5923039687976869,1.8283846535761663,0.0
mtd_ai,200,0.0050863077305659385,0.39473684210526316,3202.62153857031,0.10666666666666667,150,5,0.15222222222222223,0.5923039687976869,1.8283846535761663,0.0
mtd_ai,200,0.0050863077305659385,0.4166666666666667,4096.773737067047,0.15333333333333332,150,5,0.15222222222222223,0.5923039687976869,1.8283846535761663,0.0
mtd_ai,200,0.0050863077305659385,0.44776119402985076,4846.256439391562,0.20666666666666667,150,5,0.15222222222222223,0.5923039687976869,1.8283846535761663,0.0
mtd_ai,200,0.0050863077305659385,0.4807692307692308,5377.057804874169,0.25333333333333335,150,5,0.15222222222222223,0.5923039687976869,1.8283846535761663,0.0
mtd_ai,200,0.00508490497545157,0.3125,2305.575113130181,0.05333333333333334,150,5,0.1525,0.46414045452859337,1.8077144762456387,0.0
mtd_ai,200,0.00508490497545157,0.35714285714285715,3799.357009498586,0.10666666666666667,150,5,0.1525,0.46414045452859337,1.8077144762456387,0.0
mtd_ai,200,0.00508490497545157,0.4166666666666667,4523.204277323475,0.15333333333333332,150,5,0.1525,0.46414045452859337,1.8077144762456387,0.0
mtd_ai,200,0.00508490497545157,0.46153846153846156,5180.189632092637,0.20666666666666667,150,5,0.1525,0.46414045452859337,1.8077144762456387,0.0
mtd_ai,200,0.00508490497545157,0.5136986301369864,5453.265517184405,0.25333333333333335,150,5,0.1525,0.46414045452859337,1.8077144762456387,0.0
mtd_ai,200,0.005072276692424191,0.3,3227.9882053463853,0.05333333333333334,150,5,0.14033333333333334,0.03082635026588903,0.110886555867267,0.0
mtd_ai,200,0.005072276692424191,0.4166666666666667,3923.620587284276,0.10666666666666667,150,5,0.14033333333333334,0.03082635026588903,0.110886555867267,0.0
mtd_ai,200,0.005072276692424191,0.4787234042553192,4780.443281753515,0.15333333333333332,150,5,0.14033333333333334,0.03082635026588903,0.110886555867267,0.0
mtd_ai,200,0.005072276692424191,0.5084745762711864,5571.2246801316505,0.20666666666666667,150,5,0.14033333333333334,0.03082635026588903,0.110886555867267,0.0
mtd_ai,200,0.005072276692424191,0.5136986301369864,6619.510767040803,0.25333333333333335,150,5,0.14033333333333334,0.03082635026588903,0.110886555867267,0.0
mtd_ai,200,0.0050592566516871555,0.32608695652173914,2530.9245915105153,0.05333333333333334,150,5,0.12122222222222222,1.7845478646383253,3.2088694773031645,0.0
mtd_ai,200,0.0050592566516871555,0.375,3867.007596277812,0.10666666666666667,150,5,0.12122222222222222,1.7845478646383253,3.2088694773031645,0.0
mtd_ai,200,0.0050592566516871555,0.3879310344827586,5623.659649423579,0.15333333333333332,150,5,0.12122222222222222,1.7845478646383253,3.2088694773031645,0.0
mtd_ai,200,0.0050592566516871555,0.4166666666666667,6489.7789817991925,0.20666666666666667,150,5,0.12122222222222222,1.7845478646383253,3.2088694773031645,0.0
mtd_ai,200,0.0050592566516871555,0.4573170731707317,6963.373089013336,0.25333333333333335,150,5,0.12122222222222222,1.7845478646383253,3.2088694773031645,0.0
mtd_ai,200,0.005083314172912321,0.28846153846153844,3296.5150852513298,0.05333333333333334,150,5,0.12555555555555556,1.1221394321304854,3.4358672662592644,0.0
mtd_ai,200,0.005083314172912321,0.35714285714285715,4487.486134318553,0.10666666666666667,150,5,0.12555555555555556,1.1221394321304854,3.4358672662592644,0.0
mtd_ai,200,0.005083314172912321,0.4017857142857143,5102.677117217911,0.15333333333333332,150,5,0.12555555555555556,1.1221394321304854,3.4358672662592644,0.0
mtd_ai,200,0.005083314172912321,0.46153846153846156,5406.900414840376,0.20666666666666667,150,5,0.12555555555555556,1.1221394321304854,3.4358672662592644,0.0
mtd_ai,200,0.005083314172912321,0.5067567567567568,5802.082601426207,0.25333333333333335,150,5,0.12555555555555556,1.1221394321304854,3.4358672662592644,0.0
mtd_ai,200,0.0050749903441983605,0.234375,4280.623843054227,0.05333333333333334,150,5,0.14138888888888887,1.1665976767403434,2.1573897319927484,0.0
mtd_ai,200,0.0050749903441983605,0.3191489361702128,5268.147907219419,0.10666666666666667,150,5,0.14138888888888887,1.1665976767403434,2.1573897319927484,0.0
mtd_ai,200,0.0050749903441983605,0.4090909090909091,5587.580211676395,0.15333333333333332,150,5,0.14138888888888887,1.1665976767403434,2.1573897319927484,0.0
mtd_ai,200,0.0050749903441983605,0.47619047619047616,5951.095376112151,0.20666666666666667,150,5,0.14138888888888887,1.1665976767403434,2.1573897319927484,0.0
mtd_ai,200,0.0050749903441983605,0.5208333333333334,6231.122032798432,0.25333333333333335,150,5,0.14138888888888887,1.1665976767403434,2.1573897319927484,0.0
mtd_ai,200,0.005077192188269186,0.20833333333333334,4461.601601571827,0.05333333333333334,150,5,0.15555555555555556,1.9659622388411284,4.345324963711581,0.0
mtd_ai,200,0.005077192188269186,0.32608695652173914,4897.400976644578,0.10666666666666667,150,5,0.15555555555555556,1.9659622388411284,4.345324963711581,0.0
mtd_ai,200,0.005077192188269186,0.4090909090909091,5249.915554978925,0.15333333333333332,150,5,0.15555555555555556,1.9659622388411284,4.345324963711581,0.0
mtd_ai,200,0.005077192188269186,0.45454545454545453,5789.252710773104,0.20666666666666667,150,5,0.15555555555555556,1.9659622388411284,4.345324963711581,0.0
mtd_ai,200,0.005077192188269186,0.5,6171.439450057793,0.25333333333333335,150,5,0.15555555555555556,1.9659622388411284,4.345324963711581,0.0
mtd_ai,200,0.005057595200134173,0.20270270270270271,4920.301876273234,0.05333333333333334,150,5,0.11333333333333333,0.2539437360097531,0.6683585931944009,0.0
mtd_ai,200,0.005057595200134173,0.3191489361702128,5451.2831483898935,0.10666666666666667,150,5,0.11333333333333333,0.2539437360097531,0.6683585931944009,0.0
mtd_ai,200,0.005057595200134173,0.36885245901639346,6891.600246780961,0.15333333333333332,150,5,0.11333333333333333,0.2539437360097531,0.6683585931944009,0.0
mtd_ai,200,0.005057595200134173,0.40540540540540543,7388.795067318255,0.20666666666666667,150,5,0.11333333333333333,0.2539437360097531,0.6683585931944009,0.0
mtd_ai,200,0.005057595200134173,0.43103448275862066,7800.603946819187,0.25333333333333335,150,5,0.11333333333333333,0.2539437360097531,0.6683585931944009,0.0
mtd_ai,200,0.005084021001360859,0.28846153846153844,2662.0313255657907,0.05333333333333334,150,5,0.1061111111111111,0.19703715059820845,0.738589618593948,0.0
mtd_ai,200,0.005084021001360859,0.36585365853658536,3802.457741828513,0.10666666666666667,150,5,0.1061111111111111,0.19703715059820845,0.738589618593948,0.0
mtd_ai,200,0.005084021001360859,0.4411764705882353,4494.544027336877,0.15333333333333332,150,5,0.1061111111111111,0.19703715059820845,0.738589618593948,0.0
mtd_ai,200,0.005084021001360859,0.47619047619047616,5190.98935978609,0.20666666666666667,150,5,0.1061111111111111,0.19703715059820845,0.738589618593948,0.0
mtd_ai,200,0.005084021001360859,0.5067567567567568,5803.453803610986,0.25333333333333335,150,5,0.1061111111111111,0.19703715059820845,0.738589618593948,0.0
mtd_ai,200,0.005078578887514161,0.35714285714285715,1772.253763571574,0.05333333333333334,150,5,0.13533333333333333,0.21170240733812995,0.8377435354126894,0.0
mtd_ai,200,0.005078578887514161,0.36585365853658536,3155.9624014619258,0.10666666666666667,150,5,0.13533333333333333,0.21170240733812995,0.8377435354126894,0.0
mtd_ai,200,0.005078578887514161,0.36885245901639346,4586.28067596013,0.15333333333333332,150,5,0.13533333333333333,0.21170240733812995,0.8377435354126894,0.0
mtd_ai,200,0.005078578887514161,0.4166666666666667,5042.02065005154,0.20666666666666667,150,5,0.13533333333333333,0.21170240733812995,0.8377435354126894,0.0
mtd_ai,200,0.005078578887514161,0.45180722891566266,5658.028184920648,0.25333333333333335,150,5,0.13533333333333333,0.21170240733812995,0.8377435354126894,0.0
mtd_ai,200,0.00509503719024973,0.3409090909090909,2403.026817263044,0.05333333333333334,150,5,0.10444444444444444,0.03838244880802524,0.10125300085520185,0.0
mtd_ai,200,0.00509503719024973,0.45454545454545453,3414.028295055145,0.10666666666666667,150,5,0.10444444444444444,0.03838244880802524,0.10125300085520185,0.0
mtd_ai,200,0.00509503719024973,0.5232558139534884,3959.2882197984018,0.15333333333333332,150,5,0.10444444444444444,0.03838244880802524,0.10125300085520185,0.0
mtd_ai,200,0.00509503719024973,0.5357142857142857,4554.414552227458,0.20666666666666667,150,5,0.10444444444444444,0.03838244880802524,0.10125300085520185,0.0
mtd_ai,200,0.00509503719024973,0.5681818181818182,5085.631844174288,0.25333333333333335,150,5,0.10444444444444444,0.03838244880802524,0.10125300085520185,0.0
mtd_ai,200,0.0050671952527444105,0.25862068965517243,3865.4015686623397,0.05333333333333334,150,5,0.1515151515151515,0.6981702216672908,3.101466502494773,0.0
mtd_ai,200,0.0050671952527444105,0.3409090909090909,4962.175807424261,0.10666666666666667,150,5,0.1515151515151515,0.6981702216672908,3.101466502494773,0.0
mtd_ai,200,0.0050671952527444105,0.4166666666666667,5739.149560821678,0.15333333333333332,150,5,0.1515151515151515,0.6981702216672908,3.101466502494773,0.0
mtd_ai,200,0.0050671952527444105,0.47619047619047616,6098.904437427828,0.20666666666666667,150,5,0.1515151515151515,0.6981702216672908,3.101466502494773,0.0
mtd_ai,200,0.0050671952527444105,0.5067567567567568,6825.521599810798,0.25333333333333335,150,5,0.1515151515151515,0.6981702216672908,3.101466502494773,0.0
mtd_ai,200,0.005070187299285401,0.1875,5237.581259906248,0.05333333333333334,150,5,0.09444444444444444,0.4749168331872462,1.7303076080526805,0.0
mtd_ai,200,0.005070187299285401,0.29411764705882354,5645.47935412701,0.10666666666666667,150,5,0.09444444444444444,0.4749168331872462,1.7303076080526805,0.0
mtd_ai,200,0.005070187299285401,0.36885245901639346,6006.395865728835,0.15333333333333332,150,5,0.09444444444444444,0.4749168331872462,1.7303076080526805,0.0
mtd_ai,200,0.005070187299285401,0.4225352112676056,6245.377857370886,0.20666666666666667,150,5,0.09444444444444444,0.4749168331872462,1.7303076080526805,0.0
mtd_ai,200,0.005070187299285401,0.47468354430379744,6573.635332802649,0.25333333333333335,150,5,0.09444444444444444,0.4749168331872462,1.7303076080526805,0.0
mtd_ai,200,0.005088501719435323,0.3125,2865.0565994563767,0.05333333333333334,150,5,0.07142857142857142,1.3566079682044758,4.207802273643935,0.0
mtd_ai,200,0.005088501719435323,0.40540540540540543,3629.102062651326,0.10666666666666667,150,5,0.07142857142857142,1.3566079682044758,4.207802273643935,0.0
mtd_ai,200,0.005088501719435323,0.4787234042553192,4045.0332906315166,0.15333333333333332,150,5,0.07142857142857142,1.3566079682044758,4.207802273643935,0.0
mtd_ai,200,0.005088501719435323,0.4918032786885246,4874.0650513547625,0.20666666666666667,150,5,0.07142857142857142,1.3566079682044758,4.207802273643935,0.0
mtd_ai,200,0.005088501719435323,0.528169014084507,5182.179506208569,0.25333333333333335,150,5,0.07142857142857142,1.3566079682044758,4.207802273643935,0.0
mtd_ai,200,0.005064255289264486,0.20833333333333334,4278.933138165266,0.05333333333333334,150,5,0.10222222222222223,0.37473414881961387,1.3425866442512526,0.0
mtd_ai,200,0.005064255289264486,0.2727272727272727,6166.639424782682,0.10666666666666667,150,5,0.10222222222222223,0.37473414881961387,1.3425866442512526,0.0
mtd_ai,200,0.005064255289264486,0.3515625,6573.224503869626,0.15333333333333332,150,5,0.10222222222222223,0.37473414881961387,1.3425866442512526,0.0
mtd_ai,200,0.005064255289264486,0.39473684210526316,7067.188831920152,0.20666666666666667,150,5,0.10222222222222223,0.37473414881961387,1.3425866442512526,0.0
mtd_ai,200,0.005064255289264486,0.44642857142857145,7480.819307614117,0.25333333333333335,150,5,0.10222222222222223,0.37473414881961387,1.3425866442512526,0.0
mtd_ai,200,0.005069439672299643,0.5,1646.0732237374075,0.05333333333333334,150,5,0.1288888888888889,0.7222525974690203,1.203729398113917,0.0
mtd_ai,200,0.005069439672299643,0.42857142857142855,3864.066897091223,0.10666666666666667,150,5,0.1288888888888889,0.7222525974690203,1.203729398113917,0.0
mtd_ai,200,0.005069439672299643,0.4787234042553192,4867.423348116045,0.15333333333333332,150,5,0.1288888888888889,0.7222525974690203,1.203729398113917,0.0
mtd_ai,200,0.005069439672299643,0.4918032786885246,5739.720559519846,0.20666666666666667,150,5,0.1288888888888889,0.7222525974690203,1.203729398113917,0.0
mtd_ai,200,0.005069439672299643,0.5136986301369864,6251.814055643975,0.25333333333333335,150,5,0.1288888888888889,0.7222525974690203,1.203729398113917,0.0
mtd_ai,200,0.005068811785362432,0.32608695652173914,2495.733708542863,0.05333333333333334,150,5,0.07777777777777778,0.03025401205759422,0.05777351875944054,0.0
mtd_ai,200,0.005068811785362432,0.375,3402.4875478836716,0.10666666666666667,150,5,0.07777777777777778,0.03025401205759422,0.05777351875944054,0.0
mtd_ai,200,0.005068811785362432,0.42452830188679247,4189.971752434243,0.15333333333333332,150,5,0.07777777777777778,0.03025401205759422,0.05777351875944054,0.0
mtd_ai,200,0.005068811785362432,0.4166666666666667,6068.743619930103,0.20666666666666667,150,5,0.07777777777777778,0.03025401205759422,0.05777351875944054,0.0
mtd_ai,200,0.005068811785362432,0.4573170731707317,6534.164381043362,0.25333333333333335,150,5,0.07777777777777778,0.03025401205759422,0.05777351875944054,0.0
mtd_ai,200,0.005070467854391698,0.25,3830.939199097126,0.05333333333333334,150,5,0.12666666666666668,0.1591629731857417,0.5600272772609659,0.0
mtd_ai,200,0.005070467854391698,0.3333333333333333,4722.406607483525,0.10666666666666667,150,5,0.12666666666666668,0.1591629731857417,0.5600272772609659,0.0
mtd_ai,200,0.005070467854391698,0.42452830188679247,5045.476668289799,0.15333333333333332,150,5,0.12666666666666668,0.1591629731857417,0.5600272772609659,0.0
mtd_ai,200,0.005070467854391698,0.45454545454545453,5969.505246058745,0.20666666666666667,150,5,0.12666666666666668,0.1591629731857417,0.5600272772609659,0.0
mtd_ai,200,0.005070467854391698,0.5067567567567568,6281.719225262011,0.25333333333333335,150,5,0.12666666666666668,0.1591629731857417,0.5600272772609659,0.0
mtd_ai,200,0.0050760632385468815,0.25,2894.2153962591565,0.05333333333333334,150,5,0.10333333333333333,0.6273431965600746,2.224166530330766,0.0
mtd_ai,200,0.0050760632385468815,0.3409090909090909,3753.9763851480056,0.10666666666666667,150,5,0.10333333333333333,0.6273431965600746,2.224166530330766,0.0
mtd_ai,200,0.0050760632385468815,0.4090909090909091,4673.110595739284,0.15333333333333332,150,5,0.10333333333333333,0.6273431965600746,2.224166530330766,0.0
mtd_ai,200,0.0050760632385468815,0.44776119402985076,5437.5488966830035,0.20666666666666667,150,5,0.10333333333333333,0.6273431965600746,2.224166530330766,0.0
mtd_ai,200,0.0050760632385468815,0.4807692307692308,5869.424304820203,0.25333333333333335,150,5,0.10333333333333333,0.6273431965600746,2.224166530330766,0.0
mtd_ai,200,0.005063763694719687,0.19736842105263158,4620.420489231199,0.05333333333333334,150,5,0.14833333333333334,1.149255274379687,3.9774038197080834,0.0
mtd_ai,200,0.005063763694719687,0.3,5233.416262846935,0.10666666666666667,150,5,0.14833333333333334,1.149255274379687,3.9774038197080834,0.0
mtd_ai,200,0.005063763694719687,0.35714285714285715,6129.468542354985,0.15333333333333332,150,5,0.14833333333333334,1.149255274379687,3.9774038197080834,0.0
mtd_ai,200,0.005063763694719687,0.4,6659.63632608545,0.20666666666666667,150,5,0.14833333333333334,1.149255274379687,3.9774038197080834,0.0
mtd_ai,200,0.005063763694719687,0.44642857142857145,7038.894298385137,0.25333333333333335,150,5,0.14833333333333334,1.149255274379687,3.9774038197080834,0.0
mtd_ai,200,0.005096886754200615,0.32608695652173914,2447.4627342491535,0.05333333333333334,150,5,0.07111111111111112,1.1763503427636135,2.3911228883313367,0.0
mtd_ai,200,0.005096886754200615,0.38461538461538464,3624.362465885522,0.10666666666666667,150,5,0.07111111111111112,1.1763503427636135,2.3911228883313367,0.0
mtd_ai,200,0.005096886754200615,0.46875,4032.5602346898627,0.15333333333333332,150,5,0.07111111111111112,1.1763503427636135,2.3911228883313367,0.0
mtd_ai,200,0.005096886754200615,0.5172413793103449,4503.210685151493,0.20666666666666667,150,5,0.07111111111111112,1.1763503427636135,2.3911228883313367,0.0
mtd_ai,200,0.005096886754200615,0.5514705882352942,4961.572548805587,0.25333333333333335,150,5,0.07111111111111112,1.1763503427636135,2.3911228883313367,0.0
mtd_ai,200,0.00509061454142603,0.3,2493.4655639356542,0.05333333333333334,150,5,0.1078730158730159,0.6163887352669171,2.425056853879321,0.0
mtd_ai,200,0.00509061454142603,0.375,3399.1527268637938,0.10666666666666667,150,5,0.1078730158730159,0.6163887352669171,2.425056853879321,0.0
mtd_ai,200,0.00509061454142603,0.4411764705882353,3814.633371358568,0.15333333333333332,150,5,0.1078730158730159,0.6163887352669171,2.425056853879321,0.0
mtd_ai,200,0.00509061454142603,0.45454545454545453,4900.698432797275,0.20666666666666667,150,5,0.1078730158730159,0.6163887352669171,2.425056853879321,0.0
mtd_ai,200,0.00509061454142603,0.5067567567567568,5145.1908716596645,0.25333333333333335,150,5,0.1078730158730159,0.6163887352669171,2.425056853879321,0.0
mtd_ai,200,0.005099659359123058,0.3125,2414.3183534611867,0.05333333333333334,150,5,0.15611111111111112,0.08262300453683771,0.1554136446657855,0.0
mtd_ai,200,0.005099659359123058,0.40540540540540543,3039.580814900887,0.10666666666666667,150,5,0.15611111111111112,0.08262300453683771,0.1554136446657855,0.0
mtd_ai,200,0.005099659359123058,0.4787234042553192,3357.732925843536,0.15333333333333332,150,5,0.15611111111111112,0.08262300453683771,0.1554136446657855,0.0
mtd_ai,200,0.005099659359123058,0.5172413793103449,4132.000092667471,0.20666666666666667,150,5,0.15611111111111112,0.08262300453683771,0.1554136446657855,0.0
mtd_ai,200,0.005099659359123058,0.5434782608695652,4822.902276575083,0.25333333333333335,150,5,0.15611111111111112,0.08262300453683771,0.1554136446657855,0.0
mtd_ai,200,0.005080458077062301,0.28846153846153844,3369.052100595156,0.05333333333333334,150,5,0.10666666666666667,2.067202896312135,3.7927433946953255,0.0
mtd_ai,200,0.005080458077062301,0.35714285714285715,4483.3439664780035,0.10666666666666667,150,5,0.10666666666666667,2.067202896312135,3.7927433946953255,0.0
mtd_ai,200,0.005080458077062301,0.4326923076923077,5124.576806426872,0.15333333333333332,150,5,0.10666666666666667,2.067202896312135,3.7927433946953255,0.0
mtd_ai,200,0.005080458077062301,0.47619047619047616,5542.177384517692,0.20666666666666667,150,5,0.10666666666666667,2.067202896312135,3.7927433946953255,0.0
mtd_ai,200,0.005080458077062301,0.5208333333333334,5851.302955664751,0.25333333333333335,150,5,0.10666666666666667,2.067202896312135,3.7927433946953255,0.0
mtd_ai,200,0.005065487337869876,0.19230769230769232,4862.238214119256,0.05333333333333334,150,5,0.12,2.2637792982701876,3.603240810497466,0.0
mtd_ai,200,0.005065487337869876,0.28846153846153844,5616.7486994824085,0.10666666666666667,150,5,0.12,2.2637792982701876,3.603240810497466,0.0
mtd_ai,200,0.005065487337869876,0.3515625,6277.837967497652,0.15333333333333332,150,5,0.12,2.2637792982701876,3.603240810497466,0.0
mtd_ai,200,0.005065487337869876,0.4,6772.557116027112,0.20666666666666667,150,5,0.12,2.2637792982701876,3.603240810497466,0.0
mtd_ai,200,0.005065487337869876,0.45180722891566266,7013.180776722844,0.25333333333333335,150,5,0.12,2.2637792982701876,3.603240810497466,0.0
mtd_ai,200,0.0050814446941778975,0.25,3419.324176736857,0.05333333333333334,150,5,0.14666666666666667,0.34190136825350576,1.497823123857573,0.0
mtd_ai,200,0.0050814446941778975,0.36585365853658536,3949.5349417278676,0.10666666666666667,150,5,0.14666666666666667,0.34190136825350576,1.497823123857573,0.0
mtd_ai,200,0.0050814446941778975,0.45,4496.5057970569405,0.15333333333333332,150,5,0.14666666666666667,0.34190136825350576,1.497823123857573,0.0
mtd_ai,200,0.0050814446941778975,0.46875,5203.341622453095,0.20666666666666667,150,5,0.14666666666666667,0.34190136825350576,1.497823123857573,0.0
mtd_ai,200,0.0050814446941778975,0.4934210526315789,6022.545927641933,0.25333333333333335,150,5,0.14666666666666667,0.34190136825350576,1.497823123857573,0.0
mtd_ai,200,0.0050687670889765475,0.375,2086.901404659641,0.05333333333333334,150,5,0.15388888888888888,1.394549713298246,2.0340945177883234,0.0
mtd_ai,200,0.0050687670889765475,0.3125,4900.781570176248,0.10666666666666667,150,5,0.15388888888888888,1.394549713298246,2.0340945177883234,0.0
mtd_ai,200,0.0050687670889765475,0.39473684210526316,5525.662501471654,0.15333333333333332,150,5,0.15388888888888888,1.394549713298246,2.0340945177883234,0.0
mtd_ai,200,0.0050687670889765475,0.4411764705882353,6035.793021851563,0.20666666666666667,150,5,0.15388888888888888,1.394549713298246,2.0340945177883234,0.0
mtd_ai,200,0.0050687670889765475,0.47468354430379744,6829.583139491622,0.25333333333333335,150,5,0.15388888888888888,1.394549713298246,2.0340945177883234,0.0
mtd_ai,200,0.005066953951297144,0.234375,3887.314098742133,0.05333333333333334,150,5,0.14285714285714285,0.41366548121315644,1.557663531118129,0.0
mtd_ai,200,0.005066953951297144,0.3333333333333333,4424.648033343135,0.10666666666666667,150,5,0.14285714285714285,0.41366548121315644,1.557663531118129,0.0
mtd_ai,200,0.005066953951297144,0.4090909090909091,5059.554964708097,0.15333333333333332,150,5,0.14285714285714285,0.41366548121315644,1.557663531118129,0.0
mtd_ai,200,0.005066953951297144,0.43478260869565216,5960.349383129831,0.20666666666666667,150,5,0.14285714285714285,0.41366548121315644,1.557663531118129,0.0
mtd_ai,200,0.005066953951297144,0.45180722891566266,7006.84286299688,0.25333333333333335,150,5,0.14285714285714285,0.41366548121315644,1.557663531118129,0.0
mtd_ai,200,0.005082878763079791,0.3409090909090909,2183.1511748993717,0.05333333333333334,150,5,0.10333333333333333,0.2293302799014396,0.7834820823443507,0.0
mtd_ai,200,0.005082878763079791,0.36585365853658536,3880.9080673764283,0.10666666666666667,150,5,0.10333333333333333,0.2293302799014396,0.7834820823443507,0.0
mtd_ai,200,0.005082878763079791,0.42452830188679247,4488.552762526237,0.15333333333333332,150,5,0.10333333333333333,0.2293302799014396,0.7834820823443507,0.0
mtd_ai,200,0.005082878763079791,0.46153846153846156,5190.546452738468,0.20666666666666667,150,5,0.10333333333333333,0.2293302799014396,0.7834820823443507,0.0
mtd_ai,200,0.005082878763079791,0.5,5639.755987781636,0.25333333333333335,150,5,0.10333333333333333,0.2293302799014396,0.7834820823443507,0.0
mtd_ai,200,0.005079431227740764,0.234375,3799.775770031747,0.05333333333333334,150,5,0.12311111111111113,4.656322385357803,3.2712944040841663,0.0
mtd_ai,200,0.005079431227740764,0.3409090909090909,4496.825145071554,0.10666666666666667,150,5,0.12311111111111113,4.656322385357803,3.2712944040841663,0.0
mtd_ai,200,0.005079431227740764,0.4090909090909091,4979.617316216021,0.15333333333333332,150,5,0.12311111111111113,4.656322385357803,3.2712944040841663,0.0
mtd_ai,200,0.005079431227740764,0.46153846153846156,5784.032058140834,0.20666666666666667,150,5,0.12311111111111113,4.656322385357803,3.2712944040841663,0.0
mtd_ai,200,0.005079431227740764,0.5136986301369864,6081.281525003405,0.25333333333333335,150,5,0.12311111111111113,4.656322385357803,3.2712944040841663,0.0
mtd_ai,200,0.0050834936597541755,0.3,3054.7251912773845,0.05333333333333334,150,5,0.15422222222222223,1.0405443609455693,1.0683679715234997,0.0
mtd_ai,200,0.0050834936597541755,0.38461538461538464,3731.032902070134,0.10666666666666667,150,5,0.15422222222222223,1.0405443609455693,1.0683679715234997,0.0
mtd_ai,200,0.0050834936597541755,0.45918367346938777,4139.691377136778,0.15333333333333332,150,5,0.15422222222222223,1.0405443609455693,1.0683679715234997,0.0
mtd_ai,200,0.0050834936597541755,0.4918032786885246,4656.830901419283,0.20666666666666667,150,5,0.15422222222222223,1.0405443609455693,1.0683679715234997,0.0
mtd_ai,200,0.0050834936597541755,0.528169014084507,5644.6356098604665,0.25333333333333335,150,5,0.15422222222222223,1.0405443609455693,1.0683679715234997,0.0
mtd_ai,200,0.005063700777716276,0.20270270270270271,4810.547022106797,0.05333333333333334,150,5,0.07,0.12400189559905098,0.5510444582366758,0.0
mtd_ai,200,0.005063700777716276,0.3,5514.445656415823,0.10666666666666667,150,5,0.07,0.12400189559905098,0.5510444582366758,0.0
mtd_ai,200,0.005063700777716276,0.36885245901639346,6221.125750469919,0.15333333333333332,150,5,0.07,0.12400189559905098,0.5510444582366758,0.0
mtd_ai,200,0.005063700777716276,0.40540540540540543,6968.494452856817,0.20666666666666667,150,5,0.07,0.12400189559905098,0.5510444582366758,0.0
mtd_ai,200,0.005063700777716276,0.4411764705882353,7286.313544271961,0.25333333333333335,150,5,0.07,0.12400189559905098,0.5510444582366758,0.0
mtd_ai,200,0.005079234044062544,0.3125,2835.7245815967854,0.05333333333333334,150,5,0.23076923076923078,1.2291793691116093,4.3270993645276565,0.0
mtd_ai,200,0.005079234044062544,0.35714285714285715,4492.662327858027,0.10666666666666667,150,5,0.23076923076923078,1.2291793691116093,4.3270993645276565,0.0
mtd_ai,200,0.005079234044062544,0.39473684210526316,5273.157312708077,0.15333333333333332,150,5,0.23076923076923078,1.2291793691116093,4.3270993645276565,0.0
mtd_ai,200,0.005079234044062544,0.43478260869565216,5709.396217762658,0.20666666666666667,150,5,0.23076923076923078,1.2291793691116093,4.3270993645276565,0.0
mtd_ai,200,0.005079234044062544,0.487012987012987,5960.167263209644,0.25333333333333335,150,5,0.23076923076923078,1.2291793691116093,4.3270993645276565,0.0
mtd_ai,200,0.0050716935259893,0.25862068965517243,3877.009887845589,0.05333333333333334,150,5,0.15,0.18200838235927172,0.3265243645936193,0.0
mtd_ai,200,0.0050716935259893,0.35714285714285715,4717.99031903199,0.10666666666666667,150,5,0.15,0.18200838235927172,0.3265243645936193,0.0
mtd_ai,200,0.0050716935259893,0.4166666666666667,5330.674215037862,0.15333333333333332,150,5,0.15,0.18200838235927172,0.3265243645936193,0.0
mtd_ai,200,0.0050716935259893,0.4411764705882353,6417.2191566376505,0.20666666666666667,150,5,0.15,0.18200838235927172,0.3265243645936193,0.0
mtd_ai,200,0.0050716935259893,0.4934210526315789,6642.196960834123,0.25333333333333335,150,5,0.15,0.18200838235927172,0.3265243645936193,0.0
mtd_ai,200,0.005080458097880982,0.3125,2608.387222248006,0.05333333333333334,150,5,0.13055555555555556,1.2168295778251588,4.551183091479346,0.0
mtd_ai,200,0.005080458097880982,0.36585365853658536,3544.56094266315,0.10666666666666667,150,5,0.13055555555555556,1.2168295778251588,4.551183091479346,0.0
mtd_ai,200,0.005080458097880982,0.4326923076923077,4113.922236267079,0.15333333333333332,150,5,0.13055555555555556,1.2168295778251588,4.551183091479346,0.0
mtd_ai,200,0.005080458097880982,0.46875,4664.8513239887625,0.20666666666666667,150,5,0.13055555555555556,1.2168295778251588,4.551183091479346,0.0
mtd_ai,200,0.005080458097880982,0.4807692307692308,5761.926292604416,0.25333333333333335,150,5,0.13055555555555556,1.2168295778251588,4.551183091479346,0.0
mtd_ai,200,0.005062357501847387,0.26785714285714285,3223.0599299594032,0.05333333333333334,150,5,0.09555555555555555,16.174145301341046,7.889167137631808,0.0
mtd_ai,200,0.005062357501847387,0.3488372093023256,4339.025295419897,0.10666666666666667,150,5,0.09555555555555555,16.174145301341046,7.889167137631808,0.0
mtd_ai,200,0.005062357501847387,0.3515625,6724.174340283677,0.15333333333333332,150,5,0.09555555555555555,16.174145301341046,7.889167137631808,0.0
mtd_ai,200,0.005062357501847387,0.39473684210526316,7345.902634371543,0.20666666666666667,150,5,0.09555555555555555,16.174145301341046,7.889167137631808,0.0
mtd_ai,200,0.005062357501847387,0.4411764705882353,7637.394955637594,0.25333333333333335,150,5,0.09555555555555555,16.174145301341046,7.889167137631808,0.0
mtd_ai,200,0.005079255370267807,0.3125,2624.1687730126796,0.05333333333333334,150,5,0.11438095238095239,0.5957983965577736,1.4538601412776304,0.0
mtd_ai,200,0.005079255370267807,0.4166666666666667,3332.3255946764593,0.10666666666666667,150,5,0.11438095238095239,0.5957983965577736,1.4538601412776304,0.0
mtd_ai,200,0.005079255370267807,0.45918367346938777,4327.33445260412,0.15333333333333332,150,5,0.11438095238095239,0.5957983965577736,1.4538601412776304,0.0
mtd_ai,200,0.005079255370267807,0.5,4775.770806668863,0.20666666666666667,150,5,0.11438095238095239,0.5957983965577736,1.4538601412776304,0.0
mtd_ai,200,0.005079255370267807,0.5067567567567568,5777.480375068802,0.25333333333333335,150,5,0.11438095238095239,0.5957983965577736,1.4538601412776304,0.0
mtd_ai,200,0.005056294109570197,0.1875,5244.157537919891,0.05333333333333334,150,5,0.12666666666666668,0.7222129343247271,1.4611409210935709,0.0
mtd_ai,200,0.005056294109570197,0.2830188679245283,5882.825996505959,0.10666666666666667,150,5,0.12666666666666668,0.7222129343247271,1.4611409210935709,0.0
mtd_ai,200,0.005056294109570197,0.3409090909090909,6409.985955813809,0.15333333333333332,150,5,0.12666666666666668,0.7222129343247271,1.4611409210935709,0.0
mtd_ai,200,0.005056294109570197,0.35294117647058826,7396.148458139935,0.20666666666666667,150,5,0.12666666666666668,0.7222129343247271,1.4611409210935709,0.0
mtd_ai,200,0.005056294109570197,0.3826530612244898,7981.185039916413,0.25333333333333335,150,5,0.12666666666666668,0.7222129343247271,1.4611409210935709,0.0
mtd_ai,200,0.0050733169031596005,0.26785714285714285,3294.0833985333625,0.05333333333333334,150,5,0.08333333333333333,0.38518984422964203,1.2537855126561368,0.0
mtd_ai,200,0.0050733169031596005,0.3333333333333333,4815.7433580606075,0.10666666666666667,150,5,0.08333333333333333,0.38518984422964203,1.2537855126561368,0.0
mtd_ai,200,0.0050733169031596005,0.4017857142857143,5362.960182548272,0.15333333333333332,150,5,0.08333333333333333,0.38518984422964203,1.2537855126561368,0.0
mtd_ai,200,0.0050733169031596005,0.44776119402985076,5855.225714638103,0.20666666666666667,150,5,0.08333333333333333,0.38518984422964203,1.2537855126561368,0.0
mtd_ai,200,0.0050733169031596005,0.487012987012987,6308.8068936896725,0.25333333333333335,150,5,0.08333333333333333,0.38518984422964203,1.2537855126561368,0.0
mtd_ai,200,0.005069642377379666,0.28846153846153844,2281.1661093545445,0.05333333333333334,150,5,0.134,0.1445035687159317,0.5010930706712909,0.0
mtd_ai,200,0.005069642377379666,0.30612244897959184,4626.3968749578,0.10666666666666667,150,5,0.134,0.1445035687159317,0.5010930706712909,0.0
mtd_ai,200,0.005069642377379666,0.3813559322033898,5029.850099436097,0.15333333333333332,150,5,0.134,0.1445035687159317,0.5010930706712909,0.0
mtd_ai,200,0.005069642377379666,0.4166666666666667,5721.164156412353,0.20666666666666667,150,5,0.134,0.1445035687159317,0.5010930706712909,0.0
mtd_ai,200,0.005069642377379666,0.44642857142857145,6501.608299824581,0.25333333333333335,150,5,0.134,0.1445035687159317,0.5010930706712909,0.0
mtd_ai,200,0.005073253171548537,0.22727272727272727,3880.9858974838044,0.05333333333333334,150,5,0.13,2.224605801577366,2.664154673155532,0.0
mtd_ai,200,0.005073253171548537,0.3409090909090909,4427.196328085694,0.10666666666666667,150,5,0.13,2.224605801577366,2.664154673155532,0.0
mtd_ai,200,0.005073253171548537,0.39473684210526316,5209.985658841853,0.15333333333333332,150,5,0.13,2.224605801577366,2.664154673155532,0.0
mtd_ai,200,0.005073253171548537,0.4411764705882353,5595.278350645807,0.20666666666666667,150,5,0.13,2.224605801577366,2.664154673155532,0.0
mtd_ai,200,0.005073253171548537,0.46296296296296297,6484.762202260616,0.25333333333333335,150,5,0.13,2.224605801577366,2.664154673155532,0.0
mtd_ai,200,0.005108550159988178,0.35714285714285715,2421.057520266053,0.05333333333333334,150,5,0.15888888888888889,0.47222417860839117,2.0415280473364783,0.0
mtd_ai,200,0.005108550159988178,0.46875,3056.0388268724537,0.10666666666666667,150,5,0.15888888888888889,0.47222417860839117,2.0415280473364783,0.0
mtd_ai,200,0.005108550159988178,0.5487804878048781,3448.592674569389,0.15333333333333332,150,5,0.15888888888888889,0.47222417860839117,2.0415280473364783,0.0
mtd_ai,200,0.005108550159988178,0.5769230769230769,3864.0323736390283,0.20666666666666667,150,5,0.15888888888888889,0.47222417860839117,2.0415280473364783,0.0
mtd_ai,200,0.005108550159988178,0.5769230769230769,4573.689359388281,0.25333333333333335,150,5,0.15888888888888889,0.47222417860839117,2.0415280473364783,0.0
mtd_ai,200,0.005060752254316275,0.25,3180.2232834697043,0.05333333333333334,150,5,0.10066666666666667,0.852885322713005,3.6605500304268617,0.0
mtd_ai,200,0.005060752254316275,0.32608695652173914,4540.73911255063,0.10666666666666667,150,5,0.10066666666666667,0.852885322713005,3.6605500304268617,0.0
mtd_ai,200,0.005060752254316275,0.3515625,6274.973626684965,0.15333333333333332,150,5,0.10066666666666667,0.852885322713005,3.6605500304268617,0.0
mtd_ai,200,0.005060752254316275,0.38961038961038963,7201.450747988168,0.20666666666666667,150,5,0.10066666666666667,0.852885322713005,3.6605500304268617,0.0
mtd_ai,200,0.005060752254316275,0.42613636363636365,7691.600706342363,0.25333333333333335,150,5,0.10066666666666667,0.852885322713005,3.6605500304268617,0.0
mtd_ai,200,0.0050735012381745,0.4411764705882353,1487.9954943658904,0.05333333333333334,150,5,0.1322222222222222,1.087423594303382,3.611094714462684,0.0
mtd_ai,200,0.0050735012381745,0.4838709677419355,2612.9868689343693,0.10666666666666667,150,5,0.1322222222222222,1.087423594303382,3.611094714462684,0.0
mtd_ai,200,0.0050735012381745,0.42452830188679247,4561.303699136759,0.15333333333333332,150,5,0.1322222222222222,1.087423594303382,3.611094714462684,0.0
mtd_ai,200,0.0050735012381745,0.46153846153846156,5391.79263385286,0.20666666666666667,150,5,0.1322222222222222,1.087423594303382,3.611094714462684,0.0
mtd_ai,200,0.0050735012381745,0.4934210526315789,6272.385633557462,0.25333333333333335,150,5,0.1322222222222222,1.087423594303382,3.611094714462684,0.0
mtd_ai,200,0.005108097543699583,0.39473684210526316,1637.5458384560666,0.05333333333333334,150,5,0.11222222222222221,0.6608216304762481,2.925092140133611,0.0
mtd_ai,200,0.005108097543699583,0.46875,2364.419803089386,0.10666666666666667,150,5,0.11222222222222221,0.6608216304762481,2.925092140133611,0.0
mtd_ai,200,0.005108097543699583,0.4891304347826087,3317.8609307039947,0.15333333333333332,150,5,0.11222222222222221,0.6608216304762481,2.925092140133611,0.0
mtd_ai,200,0.005108097543699583,0.5263157894736842,3778.2652271472834,0.20666666666666667,150,5,0.11222222222222221,0.6608216304762481,2.925092140133611,0.0
mtd_ai,200,0.005108097543699583,0.5357142857142857,4253.237388235845,0.25333333333333335,150,5,0.11222222222222221,0.6608216304762481,2.925092140133611,0.0
mtd_ai,200,0.005057198601219208,0.20270270270270271,3982.4032341849847,0.05333333333333334,150,5,0.11111111111111112,0.8095325911333198,3.588684756401541,0.0
mtd_ai,200,0.005057198601219208,0.3,4863.591202729294,0.10666666666666667,150,5,0.11111111111111112,0.8095325911333198,3.588684756401541,0.0
mtd_ai,200,0.005057198601219208,0.34615384615384615,5731.674753962427,0.15333333333333332,150,5,0.11111111111111112,0.8095325911333198,3.588684756401541,0.0
mtd_ai,200,0.005057198601219208,0.3614457831325301,7182.345920399281,0.20666666666666667,150,5,0.11111111111111112,0.8095325911333198,3.588684756401541,0.0
mtd_ai,200,0.005057198601219208,0.4166666666666667,7484.7508563234405,0.25333333333333335,150,5,0.11111111111111112,0.8095325911333198,3.588684756401541,0.0
mtd_ai,200,0.005079260691324531,0.24193548387096775,3035.58158886448,0.05333333333333334,150,5,0.18196560846560847,0.5042024601626657,2.1655092685469444,0.0
mtd_ai,200,0.005079260691324531,0.35714285714285715,3638.809880259555,0.10666666666666667,150,5,0.18196560846560847,0.5042024601626657,2.1655092685469444,0.0
mtd_ai,200,0.005079260691324531,0.4090909090909091,4674.953024142444,0.15333333333333332,150,5,0.18196560846560847,0.5042024601626657,2.1655092685469444,0.0
mtd_ai,200,0.005079260691324531,0.4411764705882353,5495.242158299245,0.20666666666666667,150,5,0.18196560846560847,0.5042024601626657,2.1655092685469444,0.0
mtd_ai,200,0.005079260691324531,0.46875,6074.328158132354,0.25333333333333335,150,5,0.18196560846560847,0.5042024601626657,2.1655092685469444,0.0
mtd_ai,200,0.005069931558313921,0.3,2987.5597307427074,0.05333333333333334,150,5,0.12666666666666668,0.8975980142758415,2.793706562535226,0.0
mtd_ai,200,0.005069931558313921,0.3488372093023256,4741.671812867492,0.10666666666666667,150,5,0.12666666666666668,0.8975980142758415,2.793706562535226,0.0
mtd_ai,200,0.005069931558313921,0.4166666666666667,5302.994323905691,0.15333333333333332,150,5,0.12666666666666668,0.8975980142758415,2.793706562535226,0.0
mtd_ai,200,0.005069931558313921,0.44776119402985076,6035.724894298361,0.20666666666666667,150,5,0.12666666666666668,0.8975980142758415,2.793706562535226,0.0
mtd_ai,200,0.005069931558313921,0.47468354430379744,6669.899219607206,0.25333333333333335,150,5,0.12666666666666668,0.8975980142758415,2.793706562535226,0.0
mtd_ai,200,0.005067422976687773,0.3,2557.0958110554807,0.05333333333333334,150,5,0.11888888888888888,0.06098389229444412,0.25463307185731765,0.0
mtd_ai,200,0.005067422976687773,0.30612244897959184,5329.057549216039,0.10666666666666667,150,5,0.11888888888888888,0.06098389229444412,0.25463307185731765,0.0
mtd_ai,200,0.005067422976687773,0.35714285714285715,5909.585008368647,0.15333333333333332,150,5,0.11888888888888888,0.06098389229444412,0.25463307185731765,0.0
mtd_ai,200,0.005067422976687773,0.4,6563.624853740359,0.20666666666666667,150,5,0.11888888888888888,0.06098389229444412,0.25463307185731765,0.0
mtd_ai,200,0.005067422976687773,0.45180722891566266,6771.057671552628,0.25333333333333335,150,5,0.11888888888888888,0.06098389229444412,0.25463307185731765,0.0
mtd_ai,200,0.005079468118186973,0.3409090909090909,2404.3505303371353,0.05333333333333334,150,5,0.10933333333333332,0.544023465281647,1.5242530600949,0.0
mtd_ai,200,0.005079468118186973,0.35714285714285715,4293.689555434358,0.10666666666666667,150,5,0.10933333333333332,0.544023465281647,1.5242530600949,0.0
mtd_ai,200,0.005079468118186973,0.4411764705882353,4586.003936187695,0.15333333333333332,150,5,0.10933333333333332,0.544023465281647,1.5242530600949,0.0
mtd_ai,200,0.005079468118186973,0.46153846153846156,5479.976031041045,0.20666666666666667,150,5,0.10933333333333332,0.544023465281647,1.5242530600949,0.0
mtd_ai,200,0.005079468118186973,0.5067567567567568,5744.626150389808,0.25333333333333335,150,5,0.10933333333333332,0.544023465281647,1.5242530600949,0.0
mtd_ai,200,0.005065659558845875,0.22058823529411764,4507.475085664754,0.05333333333333334,150,5,0.12833333333333333,0.9216855372254613,1.2978540020937415,0.0
mtd_ai,200,0.005065659558845875,0.3,5502.316530844341,0.10666666666666667,150,5,0.12833333333333333,0.9216855372254613,1.2978540020937415,0.0
mtd_ai,200,0.005065659558845875,0.375,6349.228851002726,0.15333333333333332,150,5,0.12833333333333333,0.9216855372254613,1.2978540020937415,0.0
mtd_ai,200,0.005065659558845875,0.4225352112676056,6682.238669564482,0.20666666666666667,150,5,0.12833333333333333,0.9216855372254613,1.2978540020937415,0.0
mtd_ai,200,0.005065659558845875,0.4573170731707317,7070.111709515519,0.25333333333333335,150,5,0.12833333333333333,0.9216855372254613,1.2978540020937415,0.0
mtd_ai,200,0.005073002332998519,0.39473684210526316,1406.6689604789797,0.05333333333333334,150,5,0.10444444444444444,1.0576673927476565,2.3010895813059498,0.0
mtd_ai,200,0.005073002332998519,0.35714285714285715,4210.7474089579555,0.10666666666666667,150,5,0.10444444444444444,1.0576673927476565,2.3010895813059498,0.0
mtd_ai,200,0.005073002332998519,0.39473684210526316,5165.016849506673,0.15333333333333332,150,5,0.10444444444444444,1.0576673927476565,2.3010895813059498,0.0
mtd_ai,200,0.005073002332998519,0.42857142857142855,6024.3158873341,0.20666666666666667,150,5,0.10444444444444444,1.0576673927476565,2.3010895813059498,0.0
mtd_ai,200,0.005073002332998519,0.46875,6359.77655322658,0.25333333333333335,150,5,0.10444444444444444,1.0576673927476565,2.3010895813059498,0.0
mtd_ai,200,0.005080619801860432,0.3125,2450.3625482543375,0.05333333333333334,150,5,0.1361111111111111,0.8322615026865222,2.443651834324168,0.0
mtd_ai,200,0.005080619801860432,0.3488372093023256,3882.995982000183,0.10666666666666667,150,5,0.1361111111111111,0.8322615026865222,2.443651834324168,0.0
mtd_ai,200,0.005080619801860432,0.4017857142857143,4694.359782206245,0.15333333333333332,150,5,0.1361111111111111,0.8322615026865222,2.443651834324168,0.0
mtd_ai,200,0.005080619801860432,0.42857142857142855,5321.049814868018,0.20666666666666667,150,5,0.1361111111111111,0.8322615026865222,2.443651834324168,0.0
mtd_ai,200,0.005080619801860432,0.46875,5787.529356414319,0.25333333333333335,150,5,0.1361111111111111,0.8322615026865222,2.443651834324168,0.0
mtd_ai,200,0.005070665747283422,0.28846153846153844,2714.024157489142,0.05333333333333334,150,5,0.156,1.3148397435028842,2.4485189674848833,0.0
mtd_ai,200,0.005070665747283422,0.3409090909090909,3754.513387921261,0.10666666666666667,150,5,0.156,1.3148397435028842,2.4485189674848833,0.0
mtd_ai,200,0.005070665747283422,0.375,4652.313114977624,0.15333333333333332,150,5,0.156,1.3148397435028842,2.4485189674848833,0.0
mtd_ai,200,0.005070665747283422,0.4166666666666667,5483.2405564720175,0.20666666666666667,150,5,0.156,1.3148397435028842,2.4485189674848833,0.0
mtd_ai,200,0.005070665747283422,0.44642857142857145,6391.157753422736,0.25333333333333335,150,5,0.156,1.3148397435028842,2.4485189674848833,0.0
mtd_ai,200,0.005085310507097263,0.3409090909090909,2446.0964102049466,0.05333333333333334,150,5,0.10822222222222223,0.3476476115634402,1.0565743691932883,0.0
mtd_ai,200,0.005085310507097263,0.40540540540540543,3545.13915165649,0.10666666666666667,150,5,0.10822222222222223,0.3476476115634402,1.0565743691932883,0.0
mtd_ai,200,0.005085310507097263,0.4411764705882353,5021.539602296669,0.15333333333333332,150,5,0.10822222222222223,0.3476476115634402,1.0565743691932883,0.0
mtd_ai,200,0.005085310507097263,0.46875,5505.909932684153,0.20666666666666667,150,5,0.10822222222222223,0.3476476115634402,1.0565743691932883,0.0
mtd_ai,200,0.005085310507097263,0.528169014084507,5738.406927032471,0.25333333333333335,150,5,0.10822222222222223,0.3476476115634402,1.0565743691932883,0.0
mtd_ai,200,0.005076542737295362,0.3,3170.935392649638,0.05333333333333334,150,5,0.17916666666666667,0.7697747660133348,2.798027474986784,0.0
mtd_ai,200,0.005076542737295362,0.375,4282.54266271025,0.10666666666666667,150,5,0.17916666666666667,0.7697747660133348,2.798027474986784,0.0
mtd_ai,200,0.005076542737295362,0.45918367346938777,4789.709284616259,0.15333333333333332,150,5,0.17916666666666667,0.7697747660133348,2.798027474986784,0.0
mtd_ai,200,0.005076542737295362,0.4838709677419355,5480.680588221701,0.20666666666666667,150,5,0.17916666666666667,0.7697747660133348,2.798027474986784,0.0
mtd_ai,200,0.005076542737295362,0.5,6123.313129190438,0.25333333333333335,150,5,0.17916666666666667,0.7697747660133348,2.798027474986784,0.0
mtd_ai,200,0.005079804391794622,0.26785714285714285,3516.2808153593087,0.05333333333333334,150,5,0.11126984126984127,0.5477690782632265,2.135559329459882,0.0
mtd_ai,200,0.005079804391794622,0.3488372093023256,4651.013438808845,0.10666666666666667,150,5,0.11126984126984127,0.5477690782632265,2.135559329459882,0.0
mtd_ai,200,0.005079804391794622,0.42452830188679247,5292.480311754395,0.15333333333333332,150,5,0.11126984126984127,0.5477690782632265,2.135559329459882,0.0
mtd_ai,200,0.005079804391794622,0.46875,5801.188434437227,0.20666666666666667,150,5,0.11126984126984127,0.5477690782632265,2.135559329459882,0.0
mtd_ai,200,0.005079804391794622,0.5136986301369864,6167.549933047498,0.25333333333333335,150,5,0.11126984126984127,0.5477690782632265,2.135559329459882,0.0
mtd_ai,200,0.0050966522195703065,0.3409090909090909,2377.217429339301,0.05333333333333334,150,5,0.13444444444444442,2.6728627587371374,5.203491669625566,0.0
mtd_ai,200,0.0050966522195703065,0.39473684210526316,3539.118519561016,0.10666666666666667,150,5,0.13444444444444442,2.6728627587371374,5.203491669625566,0.0
mtd_ai,200,0.0050966522195703065,0.45,4355.317028663143,0.15333333333333332,150,5,0.13444444444444442,2.6728627587371374,5.203491669625566,0.0
mtd_ai,200,0.0050966522195703065,0.5084745762711864,4785.2472405611825,0.20666666666666667,150,5,0.13444444444444442,2.6728627587371374,5.203491669625566,0.0
mtd_ai,200,0.0050966522195703065,0.5514705882352942,5190.462861750255,0.25333333333333335,150,5,0.13444444444444442,2.6728627587371374,5.203491669625566,0.0
mtd_ai,200,0.005065422572475297,0.3125,2335.6960149006077,0.05333333333333334,150,5,0.10666666666666667,0.16528586908966433,0.6839930567782638,0.0
mtd_ai,200,0.005065422572475297,0.3,4773.836065027471,0.10666666666666667,150,5,0.10666666666666667,0.16528586908966433,0.6839930567782638,0.0
mtd_ai,200,0.005065422572475297,0.3409090909090909,5904.774798213673,0.15333333333333332,150,5,0.10666666666666667,0.16528586908966433,0.6839930567782638,0.0
mtd_ai,200,0.005065422572475297,0.38461538461538464,6336.217507987583,0.20666666666666667,150,5,0.10666666666666667,0.16528586908966433,0.6839930567782638,0.0
mtd_ai,200,0.005065422572475297,0.42613636363636365,6696.403790999847,0.25333333333333335,150,5,0.10666666666666667,0.16528586908966433,0.6839930567782638,0.0
mtd_ai,200,0.005068094744014126,0.25,2592.47444948249,0.05333333333333334,150,5,0.07833333333333334,0.09375492008742028,0.16096688371014614,0.0
mtd_ai,200,0.005068094744014126,0.3488372093023256,3379.586638871887,0.10666666666666667,150,5,0.07833333333333334,0.09375492008742028,0.16096688371014614,0.0
mtd_ai,200,0.005068094744014126,0.4017857142857143,4388.288627341944,0.15333333333333332,150,5,0.07833333333333334,0.09375492008742028,0.16096688371014614,0.0
mtd_ai,200,0.005068094744014126,0.4,6462.382229865074,0.20666666666666667,150,5,0.07833333333333334,0.09375492008742028,0.16096688371014614,0.0
mtd_ai,200,0.005068094744014126,0.45180722891566266,6788.599495526791,0.25333333333333335,150,5,0.07833333333333334,0.09375492008742028,0.16096688371014614,0.0
mtd_ai,200,0.005059089136454891,0.22727272727272727,3864.3522314745005,0.05333333333333334,150,5,0.1981111111111111,0.5199205664419148,1.573219118607372,0.0
mtd_ai,200,0.005059089136454891,0.3125,5025.87758970496,0.10666666666666667,150,5,0.1981111111111111,0.5199205664419148,1.573219118607372,0.0
mtd_ai,200,0.005059089136454891,0.375,5654.448846272664,0.15333333333333332,150,5,0.1981111111111111,0.5199205664419148,1.573219118607372,0.0
mtd_ai,200,0.005059089136454891,0.39473684210526316,6875.95281303065,0.20666666666666667,150,5,0.1981111111111111,0.5199205664419148,1.573219118607372,0.0
mtd_ai,200,0.005059089136454891,0.4166666666666667,7522.633059123793,0.25333333333333335,150,5,0.1981111111111111,0.5199205664419148,1.573219118607372,0.0
mtd_ai,200,0.005106369771923672,0.3,2677.4820328837577,0.05333333333333334,150,5,0.14222222222222225,5.229744908399822,2.3667683668451804,0.0
mtd_ai,200,0.005106369771923672,0.4166666666666667,3204.992476888081,0.10666666666666667,150,5,0.14222222222222225,5.229744908399822,2.3667683668451804,0.0
mtd_ai,200,0.005106369771923672,0.4891304347826087,3733.7644345492804,0.15333333333333332,150,5,0.14222222222222225,5.229744908399822,2.3667683668451804,0.0
mtd_ai,200,0.005106369771923672,0.5263157894736842,4307.680389987738,0.20666666666666667,150,5,0.14222222222222225,5.229744908399822,2.3667683668451804,0.0
mtd_ai,200,0.005106369771923672,0.5597014925373134,4633.088265106249,0.25333333333333335,150,5,0.14222222222222225,5.229744908399822,2.3667683668451804,0.0
mtd_ai,200,0.005058530669089491,0.19736842105263158,4907.482006717539,0.05333333333333334,150,5,0.1,0.7006440145419062,2.3779498715386462,0.0
mtd_ai,200,0.005058530669089491,0.2830188679245283,5948.883387148037,0.10666666666666667,150,5,0.1,0.7006440145419062,2.3779498715386462,0.0
mtd_ai,200,0.005058530669089491,0.3409090909090909,6661.104801223455,0.15333333333333332,150,5,0.1,0.7006440145419062,2.3779498715386462,0.0
mtd_ai,200,0.005058530669089491,0.37037037037037035,7682.202665901712,0.20666666666666667,150,5,0.1,0.7006440145419062,2.3779498715386462,0.0
mtd_ai,200,0.005058530669089491,0.4032258064516129,8298.978197377408,0.25333333333333335,150,5,0.1,0.7006440145419062,2.3779498715386462,0.0
mtd_ai,200,0.0050959271119826125,0.32608695652173914,1855.7931681400164,0.05333333333333334,150,5,0.17714285714285716,3.4029233666809318,5.081421367024355,0.0
mtd_ai,200,0.0050959271119826125,0.35714285714285715,3340.4871276392737,0.10666666666666667,150,5,0.17714285714285716,3.4029233666809318,5.081421367024355,0.0
mtd_ai,200,0.0050959271119826125,0.4090909090909091,4105.571443907325,0.15333333333333332,150,5,0.17714285714285716,3.4029233666809318,5.081421367024355,0.0
mtd_ai,200,0.0050959271119826125,0.45454545454545453,4605.952987822242,0.20666666666666667,150,5,0.17714285714285716,3.4029233666809318,5.081421367024355,0.0
mtd_ai,200,0.0050959271119826125,0.5,4937.5713347856645,0.25333333333333335,150,5,0.17714285714285716,3.4029233666809318,5.081421367024355,0.0
mtd_ai,200,0.0050772651404212875,0.46875,1623.3957127484944,0.05333333333333334,150,5,0.08488888888888889,0.27514776546225006,0.9929630484603493,0.0
mtd_ai,200,0.0050772651404212875,0.42857142857142855,2953.22244502462,0.10666666666666667,150,5,0.08488888888888889,0.27514776546225006,0.9929630484603493,0.0
mtd_ai,200,0.0050772651404212875,0.4787234042553192,3992.445692938731,0.15333333333333332,150,5,0.08488888888888889,0.27514776546225006,0.9929630484603493,0.0
mtd_ai,200,0.0050772651404212875,0.46875,5505.6086977333325,0.20666666666666667,150,5,0.08488888888888889,0.27514776546225006,0.9929630484603493,0.0
mtd_ai,200,0.0050772651404212875,0.5,6065.628439320382,0.25333333333333335,150,5,0.08488888888888889,0.27514776546225006,0.9929630484603493,0.0
mtd_ai,200,0.005077449558487954,0.375,2339.684305195862,0.05333333333333334,150,5,0.126,2.3965871171852466,2.0377083141153802,0.0
mtd_ai,200,0.005077449558487954,0.40540540540540543,4402.20540589679,0.10666666666666667,150,5,0.126,2.3965871171852466,2.0377083141153802,0.0
mtd_ai,200,0.005077449558487954,0.45918367346938777,5280.606583045495,0.15333333333333332,150,5,0.126,2.3965871171852466,2.0377083141153802,0.0
mtd_ai,200,0.005077449558487954,0.5,5767.190033016772,0.20666666666666667,150,5,0.126,2.3965871171852466,2.0377083141153802,0.0
mtd_ai,200,0.005077449558487954,0.5208333333333334,6167.488405098666,0.25333333333333335,150,5,0.126,2.3965871171852466,2.0377083141153802,0.0
mtd_ai,200,0.005086174324350024,0.32608695652173914,2488.7908082594804,0.05333333333333334,150,5,0.1161111111111111,0.4602020843814017,2.0629576279696207,0.0
mtd_ai,200,0.005086174324350024,0.4411764705882353,3103.4130897274536,0.10666666666666667,150,5,0.1161111111111111,0.4602020843814017,2.0629576279696207,0.0
mtd_ai,200,0.005086174324350024,0.42452830188679247,4543.180549963087,0.15333333333333332,150,5,0.1161111111111111,0.4602020843814017,2.0629576279696207,0.0
mtd_ai,200,0.005086174324350024,0.47619047619047616,4966.903161645165,0.20666666666666667,150,5,0.1161111111111111,0.4602020843814017,2.0629576279696207,0.0
mtd_ai,200,0.005086174324350024,0.5067567567567568,5515.205306251496,0.25333333333333335,150,5,0.1161111111111111,0.4602020843814017,2.0629576279696207,0.0
mtd_ai,200,0.005093695125838445,0.3125,2366.604747759607,0.05333333333333334,150,5,0.1,0.564498876925701,1.884147715175865,0.0
mtd_ai,200,0.005093695125838445,0.42857142857142855,3092.643536926653,0.10666666666666667,150,5,0.1,0.564498876925701,1.884147715175865,0.0
mtd_ai,200,0.005093695125838445,0.5113636363636364,3614.3565041974034,0.15333333333333332,150,5,0.1,0.564498876925701,1.884147715175865,0.0
mtd_ai,200,0.005093695125838445,0.5454545454545454,4304.654430141199,0.20666666666666667,150,5,0.1,0.564498876925701,1.884147715175865,0.0
mtd_ai,200,0.005093695125838445,0.5514705882352942,5251.3242132051555,0.25333333333333335,150,5,0.1,0.564498876925701,1.884147715175865,0.0
mtd_ai,200,0.005063650321881319,0.32608695652173914,2524.7594062446015,0.05333333333333334,150,5,0.16666666666666666,0.6977690108472394,2.5316064016601807,0.0
mtd_ai,200,0.005063650321881319,0.38461538461538464,4133.525546916061,0.10666666666666667,150,5,0.16666666666666666,0.6977690108472394,2.5316064016601807,0.0
mtd_ai,200,0.005063650321881319,0.42452830188679247,5093.639102742609,0.15333333333333332,150,5,0.16666666666666666,0.6977690108472394,2.5316064016601807,0.0
mtd_ai,200,0.005063650321881319,0.44776119402985076,5638.292988909056,0.20666666666666667,150,5,0.16666666666666666,0.6977690108472394,2.5316064016601807,0.0
mtd_ai,200,0.005063650321881319,0.46296296296296297,7052.461335552512,0.25333333333333335,150,5,0.16666666666666666,0.6977690108472394,2.5316064016601807,0.0
mtd_ai,200,0.005087196210312299,0.28846153846153844,2860.164482851008,0.05333333333333334,150,5,0.1411111111111111,3.132243800344578,3.7114391512020273,0.0
mtd_ai,200,0.005087196210312299,0.375,3792.3728045712987,0.10666666666666667,150,5,0.1411111111111111,3.132243800344578,3.7114391512020273,0.0
mtd_ai,200,0.005087196210312299,0.45,4354.432594021917,0.15333333333333332,150,5,0.1411111111111111,3.132243800344578,3.7114391512020273,0.0
mtd_ai,200,0.005087196210312299,0.5084745762711864,5012.519261441472,0.20666666666666667,150,5,0.1411111111111111,3.132243800344578,3.7114391512020273,0.0
mtd_ai,200,0.005087196210312299,0.5434782608695652,5549.026616036575,0.25333333333333335,150,5,0.1411111111111111,3.132243800344578,3.7114391512020273,0.0
mtd_ai,200,0.005081661287040058,0.28846153846153844,2951.5583822963954,0.05333333333333334,150,5,0.09333333333333334,0.49239748366962555,0.15696528864400736,0.0
mtd_ai,200,0.005081661287040058,0.35714285714285715,4007.25502887363,0.10666666666666667,150,5,0.09333333333333334,0.49239748366962555,0.15696528864400736,0.0
mtd_ai,200,0.005081661287040058,0.42452830188679247,4588.497938639755,0.15333333333333332,150,5,0.09333333333333334,0.49239748366962555,0.15696528864400736,0.0
mtd_ai,200,0.005081661287040058,0.45454545454545453,5233.196954615836,0.20666666666666667,150,5,0.09333333333333334,0.49239748366962555,0.15696528864400736,0.0
mtd_ai,200,0.005081661287040058,0.487012987012987,6019.195997992416,0.25333333333333335,150,5,0.09333333333333334,0.49239748366962555,0.15696528864400736,0.0
mtd_ai,200,0.005086774544816588,0.2777777777777778,3162.708997511755,0.05333333333333334,150,5,0.12111111111111111,0.9699773268843915,3.965338564835537,0.0
mtd_ai,200,0.005086774544816588,0.39473684210526316,3787.0943642492443,0.10666666666666667,150,5,0.12111111111111111,0.9699773268843915,3.965338564835537,0.0
mtd_ai,200,0.005086774544816588,0.4891304347826087,4117.3892171059615,0.15333333333333332,150,5,0.12111111111111111,0.9699773268843915,3.965338564835537,0.0
mtd_ai,200,0.005086774544816588,0.5357142857142857,4684.788182980394,0.20666666666666667,150,5,0.12111111111111111,0.9699773268843915,3.965338564835537,0.0
mtd_ai,200,0.005086774544816588,0.5952380952380952,5283.473474525539,0.25333333333333335,150,5,0.12111111111111111,0.9699773268843915,3.965338564835537,0.0
mtd_ai,200,0.005079280895925476,0.4166666666666667,1331.5382808526974,0.05333333333333334,150,5,0.11580952380952382,0.8778085513482742,2.993329004699928,0.0
mtd_ai,200,0.005079280895925476,0.39473684210526316,3409.5324497651927,0.10666666666666667,150,5,0.11580952380952382,0.8778085513482742,2.993329004699928,0.0
mtd_ai,200,0.005079280895925476,0.45,4287.540831980963,0.15333333333333332,150,5,0.11580952380952382,0.8778085513482742,2.993329004699928,0.0
mtd_ai,200,0.005079280895925476,0.47619047619047616,5038.42463433806,0.20666666666666667,150,5,0.11580952380952382,0.8778085513482742,2.993329004699928,0.0
mtd_ai,200,0.005079280895925476,0.5067567567567568,5582.331494865137,0.25333333333333335,150,5,0.11580952380952382,0.8778085513482742,2.993329004699928,0.0
mtd_ai,200,0.0050746973685034235,0.35714285714285715,2156.520764739348,0.05333333333333334,150,5,0.13166666666666665,0.742513727760376,2.5219840608133195,0.0
mtd_ai,200,0.0050746973685034235,0.32608695652173914,4915.706775577342,0.10666666666666667,150,5,0.13166666666666665,0.742513727760376,2.5219840608133195,0.0
mtd_ai,200,0.0050746973685034235,0.39473684210526316,5606.982301575157,0.15333333333333332,150,5,0.13166666666666665,0.742513727760376,2.5219840608133195,0.0
mtd_ai,200,0.0050746973685034235,0.45454545454545453,6046.447834367226,0.20666666666666667,150,5,0.13166666666666665,0.742513727760376,2.5219840608133195,0.0
mtd_ai,200,0.0050746973685034235,0.5,6417.661197970403,0.25333333333333335,150,5,0.13166666666666665,0.742513727760376,2.5219840608133195,0.0
mtd_ai,200,0.005086430472189044,0.375,1773.894865508556,0.05333333333333334,150,5,0.09222222222222222,1.441882088518329,4.3239665306577395,0.0
mtd_ai,200,0.005086430472189044,0.4166666666666667,2927.5469976092,0.10666666666666667,150,5,0.09222222222222222,1.441882088518329,4.3239665306577395,0.0
mtd_ai,200,0.005086430472189044,0.4787234042553192,3461.087276322988,0.15333333333333332,150,5,0.09222222222222222,1.441882088518329,4.3239665306577395,0.0
mtd_ai,200,0.005086430472189044,0.46875,5125.976612303679,0.20666666666666667,150,5,0.09222222222222222,1.441882088518329,4.3239665306577395,0.0
mtd_ai,200,0.005086430472189044,0.5136986301369864,5619.030062463421,0.25333333333333335,150,5,0.09222222222222222,1.441882088518329,4.3239665306577395,0.0
mtd_ai,200,0.005087741937743026,0.46875,1399.9878191260336,0.05333333333333334,150,5,0.16255555555555554,4.301327769060464,5.0453889261128895,0.0
mtd_ai,200,0.005087741937743026,0.4411764705882353,3094.5022755925224,0.10666666666666667,150,5,0.16255555555555554,4.301327769060464,5.0453889261128895,0.0
mtd_ai,200,0.005087741937743026,0.46875,4090.9398629330253,0.15333333333333332,150,5,0.16255555555555554,4.301327769060464,5.0453889261128895,0.0
mtd_ai,200,0.005087741937743026,0.4918032786885246,4767.886329113166,0.20666666666666667,150,5,0.16255555555555554,4.301327769060464,5.0453889261128895,0.0
mtd_ai,200,0.005087741937743026,0.5208333333333334,5265.798072220713,0.25333333333333335,150,5,0.16255555555555554,4.301327769060464,5.0453889261128895,0.0
mtd_ai,200,0.005088336051254569,0.25862068965517243,3330.2782060184977,0.05333333333333334,150,5,0.12444444444444443,2.5205100227621227,5.456063359541155,0.0
mtd_ai,200,0.005088336051254569,0.375,3717.0635606976784,0.10666666666666667,150,5,0.12444444444444443,2.5205100227621227,5.456063359541155,0.0
mtd_ai,200,0.005088336051254569,0.45918367346938777,4140.179436871507,0.15333333333333332,150,5,0.12444444444444443,2.5205100227621227,5.456063359541155,0.0
mtd_ai,200,0.005088336051254569,0.4838709677419355,4914.969747336477,0.20666666666666667,150,5,0.12444444444444443,2.5205100227621227,5.456063359541155,0.0
mtd_ai,200,0.005088336051254569,0.5208333333333334,5523.09819568364,0.25333333333333335,150,5,0.12444444444444443,2.5205100227621227,5.456063359541155,0.0
mtd_ai,200,0.0050761415999686635,0.234375,3871.4358571338844,0.05333333333333334,150,5,0.1503968253968254,1.6781380444298835,5.024936865559805,0.0
mtd_ai,200,0.0050761415999686635,0.3333333333333333,4949.239746623129,0.10666666666666667,150,5,0.1503968253968254,1.6781380444298835,5.024936865559805,0.0
mtd_ai,200,0.0050761415999686635,0.4090909090909091,5477.3250097256405,0.15333333333333332,150,5,0.1503968253968254,1.6781380444298835,5.024936865559805,0.0
mtd_ai,200,0.0050761415999686635,0.46153846153846156,5791.40863296918,0.20666666666666667,150,5,0.1503968253968254,1.6781380444298835,5.024936865559805,0.0
mtd_ai,200,0.0050761415999686635,0.4934210526315789,6264.689494463285,0.25333333333333335,150,5,0.1503968253968254,1.6781380444298835,5.024936865559805,0.0
mtd_ai,200,0.00508829403809363,0.375,2198.288425756888,0.05333333333333334,150,5,0.13733333333333334,1.4258610787619936,4.780239770251673,0.0
mtd_ai,200,0.00508829403809363,0.4166666666666667,3620.1090852781335,0.10666666666666667,150,5,0.13733333333333334,1.4258610787619936,4.780239770251673,0.0
mtd_ai,200,0.00508829403809363,0.5113636363636364,4134.318271842294,0.15333333333333332,150,5,0.13733333333333334,1.4258610787619936,4.780239770251673,0.0
mtd_ai,200,0.00508829403809363,0.5357142857142857,4836.674978606115,0.20666666666666667,150,5,0.13733333333333334,1.4258610787619936,4.780239770251673,0.0
mtd_ai,200,0.00508829403809363,0.5769230769230769,5309.195952774979,0.25333333333333335,150,5,0.13733333333333334,1.4258610787619936,4.780239770251673,0.0
mtd_ai,200,0.005068502680030548,0.3409090909090909,1905.8127021644668,0.05333333333333334,150,5,0.08533333333333334,6.097269551341823,6.324481962441017,0.0
mtd_ai,200,0.005068502680030548,0.3333333333333333,4106.5885706181425,0.10666666666666667,150,5,0.08533333333333334,6.097269551341823,6.324481962441017,0.0
mtd_ai,200,0.005068502680030548,0.3879310344827586,5007.666125423817,0.15333333333333332,150,5,0.08533333333333334,6.097269551341823,6.324481962441017,0.0
mtd_ai,200,0.005068502680030548,0.42857142857142855,5850.449174642073,0.20666666666666667,150,5,0.08533333333333334,6.097269551341823,6.324481962441017,0.0
mtd_ai,200,0.005068502680030548,0.46296296296296297,6558.370650126806,0.25333333333333335,150,5,0.08533333333333334,6.097269551341823,6.324481962441017,0.0
mtd_ai,200,0.005080441100326441,0.32608695652173914,2911.8262977234563,0.05333333333333334,150,5,0.13266666666666665,0.2838203011940741,0.7396533011603001,0.0
mtd_ai,200,0.005080441100326441,0.38461538461538464,4431.644575130345,0.10666666666666667,150,5,0.13266666666666665,0.2838203011940741,0.7396533011603001,0.0
mtd_ai,200,0.005080441100326441,0.46875,4883.968896166103,0.15333333333333332,150,5,0.13266666666666665,0.2838203011940741,0.7396533011603001,0.0
mtd_ai,200,0.005080441100326441,0.4838709677419355,5476.857984826788,0.20666666666666667,150,5,0.13266666666666665,0.2838203011940741,0.7396533011603001,0.0
mtd_ai,200,0.005080441100326441,0.5357142857142857,5742.637368467917,0.25333333333333335,150,5,0.13266666666666665,0.2838203011940741,0.7396533011603001,0.0
mtd_ai,200,0.005082320510765638,0.2777777777777778,3155.9059897104653,0.05333333333333334,150,5,0.11688888888888888,0.32843604589721875,1.1727156482853434,0.0
mtd_ai,200,0.005082320510765638,0.3488372093023256,4048.229221382672,0.10666666666666667,150,5,0.11688888888888888,0.32843604589721875,1.1727156482853434,0.0
mtd_ai,200,0.005082320510765638,0.4166666666666667,4767.473708118766,0.15333333333333332,150,5,0.11688888888888888,0.32843604589721875,1.1727156482853434,0.0
mtd_ai,200,0.005082320510765638,0.46153846153846156,5137.347419172248,0.20666666666666667,150,5,0.11688888888888888,0.32843604589721875,1.1727156482853434,0.0
mtd_ai,200,0.005082320510765638,0.5067567567567568,5720.0664144242155,0.25333333333333335,150,5,0.11688888888888888,0.32843604589721875,1.1727156482853434,0.0
mtd_ai,200,0.005090557519359718,0.25,3935.2782040104144,0.05333333333333334,150,5,0.15,2.4349911769088832,2.3392903625307047,0.0
mtd_ai,200,0.005090557519359718,0.35714285714285715,4576.52659246531,0.10666666666666667,150,5,0.15,2.4349911769088832,2.3392903625307047,0.0
mtd_ai,200,0.005090557519359718,0.4411764705882353,4904.877935625069,0.15333333333333332,150,5,0.15,2.4349911769088832,2.3392903625307047,0.0
mtd_ai,200,0.005090557519359718,0.4918032786885246,5188.156947777759,0.20666666666666667,150,5,0.15,2.4349911769088832,2.3392903625307047,0.0
mtd_ai,200,0.005090557519359718,0.5357142857142857,5482.088686392621,0.25333333333333335,150,5,0.15,2.4349911769088832,2.3392903625307047,0.0
mtd_ai,200,0.005056937138918068,0.24193548387096775,3848.9323630918516,0.05333333333333334,150,5,0.14222222222222222,0.08861902894706099,0.30562695417631947,0.0
mtd_ai,200,0.005056937138918068,0.3409090909090909,4603.203933341668,0.10666666666666667,150,5,0.14222222222222222,0.08861902894706099,0.30562695417631947,0.0
mtd_ai,200,0.005056937138918068,0.4166666666666667,5282.927598072041,0.15333333333333332,150,5,0.14222222222222222,0.08861902894706099,0.30562695417631947,0.0
mtd_ai,200,0.005056937138918068,0.40540540540540543,6818.865145817528,0.20666666666666667,150,5,0.14222222222222222,0.08861902894706099,0.30562695417631947,0.0
mtd_ai,200,0.005056937138918068,0.43103448275862066,7838.784055517246,0.25333333333333335,150,5,0.14222222222222222,0.08861902894706099,0.30562695417631947,0.0
mtd_ai,200,0.005090020730395413,0.39473684210526316,1754.7141327307768,0.05333333333333334,150,5,0.16333333333333333,0.9535890474120097,1.9350571762662405,0.0
mtd_ai,200,0.005090020730395413,0.4411764705882353,2756.4260938993707,0.10666666666666667,150,5,0.16333333333333333,0.9535890474120097,1.9350571762662405,0.0
mtd_ai,200,0.005090020730395413,0.45918367346938777,3839.732440369681,0.15333333333333332,150,5,0.16333333333333333,0.9535890474120097,1.9350571762662405,0.0
mtd_ai,200,0.005090020730395413,0.46875,4301.4876752703485,0.20666666666666667,150,5,0.16333333333333333,0.9535890474120097,1.9350571762662405,0.0
mtd_ai,200,0.005090020730395413,0.4934210526315789,5190.574100591757,0.25333333333333335,150,5,0.16333333333333333,0.9535890474120097,1.9350571762662405,0.0
mtd_ai,200,0.005069534961975393,0.26785714285714285,2843.3721323004206,0.05333333333333334,150,5,0.17222222222222225,0.8121737478663837,3.1190889827158137,0.0
mtd_ai,200,0.005069534961975393,0.3409090909090909,4361.790760342927,0.10666666666666667,150,5,0.17222222222222225,0.8121737478663837,3.1190889827158137,0.0
mtd_ai,200,0.005069534961975393,0.3629032258064516,5498.636059333002,0.15333333333333332,150,5,0.17222222222222225,0.8121737478663837,3.1190889827158137,0.0
mtd_ai,200,0.005069534961975393,0.39473684210526316,6151.951634669433,0.20666666666666667,150,5,0.17222222222222225,0.8121737478663837,3.1190889827158137,0.0
mtd_ai,200,0.005069534961975393,0.43103448275862066,6584.911286665512,0.25333333333333335,150,5,0.17222222222222225,0.8121737478663837,3.1190889827158137,0.0
mtd_ai,200,0.005085714829481907,0.375,2476.8715247484784,0.05333333333333334,150,5,0.10777777777777776,1.0532286897285061,3.925930109803627,0.0
mtd_ai,200,0.005085714829481907,0.4166666666666667,3903.058713709181,0.10666666666666667,150,5,0.10777777777777776,1.0532286897285061,3.925930109803627,0.0
mtd_ai,200,0.005085714829481907,0.4891304347826087,4483.81778722809,0.15333333333333332,150,5,0.10777777777777776,1.0532286897285061,3.925930109803627,0.0
mtd_ai,200,0.005085714829481907,0.4918032786885246,5254.3285747670725,0.20666666666666667,150,5,0.10777777777777776,1.0532286897285061,3.925930109803627,0.0
mtd_ai,200,0.005085714829481907,0.5357142857142857,5576.096326648274,0.25333333333333335,150,5,0.10777777777777776,1.0532286897285061,3.925930109803627,0.0
mtd_ai,200,0.005083391826252715,0.35714285714285715,1927.674403325897,0.05333333333333334,150,5,0.10733333333333334,0.9967239321663516,2.107174496215169,0.0
mtd_ai,200,0.005083391826252715,0.45454545454545453,2864.160249699368,0.10666666666666667,150,5,0.10733333333333334,0.9967239321663516,2.107174496215169,0.0
mtd_ai,200,0.005083391826252715,0.4891304347826087,4305.131662103541,0.15333333333333332,150,5,0.10733333333333334,0.9967239321663516,2.107174496215169,0.0
mtd_ai,200,0.005083391826252715,0.5172413793103449,5417.745599842841,0.20666666666666667,150,5,0.10733333333333334,0.9967239321663516,2.107174496215169,0.0
mtd_ai,200,0.005083391826252715,0.5514705882352942,5855.120925913061,0.25333333333333335,150,5,0.10733333333333334,0.9967239321663516,2.107174496215169,0.0
mtd_ai,200,0.005107198124360343,0.39473684210526316,1907.4539026242596,0.05333333333333334,150,5,0.1272222222222222,0.9301331492515738,1.5519084020323746,0.0
mtd_ai,200,0.005107198124360343,0.4411764705882353,2806.5111578280653,0.10666666666666667,150,5,0.1272222222222222,0.9301331492515738,1.5519084020323746,0.0
mtd_ai,200,0.005107198124360343,0.46875,3551.5789316322016,0.15333333333333332,150,5,0.1272222222222222,0.9301331492515738,1.5519084020323746,0.0
mtd_ai,200,0.005107198124360343,0.5172413793103449,3905.4340017015757,0.20666666666666667,150,5,0.1272222222222222,0.9301331492515738,1.5519084020323746,0.0
mtd_ai,200,0.005107198124360343,0.5434782608695652,4405.120427429334,0.25333333333333335,150,5,0.1272222222222222,0.9301331492515738,1.5519084020323746,0.0
mtd_ai,200,0.005066912943536537,0.2777777777777778,3373.0023617527504,0.05333333333333334,150,5,0.07766666666666668,0.3917618778575169,0.15366064813755878,0.0
mtd_ai,200,0.005066912943536537,0.3409090909090909,5093.742393214892,0.10666666666666667,150,5,0.07766666666666668,0.3917618778575169,0.15366064813755878,0.0
mtd_ai,200,0.005066912943536537,0.4017857142857143,5631.105616302781,0.15333333333333332,150,5,0.07766666666666668,0.3917618778575169,0.15366064813755878,0.0
mtd_ai,200,0.005066912943536537,0.42857142857142855,6412.969819086677,0.20666666666666667,150,5,0.07766666666666668,0.3917618778575169,0.15366064813755878,0.0
mtd_ai,200,0.005066912943536537,0.46875,6677.1405915281075,0.25333333333333335,150,5,0.07766666666666668,0.3917618778575169,0.15366064813755878,0.0
mtd_ai,200,0.005073979830412065,0.25862068965517243,3151.5175116331525,0.05333333333333334,150,5,0.108,0.12670103146987713,0.5389723935171845,0.0
mtd_ai,200,0.005073979830412065,0.3409090909090909,4369.971473371487,0.10666666666666667,150,5,0.108,0.12670103146987713,0.5389723935171845,0.0
mtd_ai,200,0.005073979830412065,0.4017857142857143,5053.05717635729,0.15333333333333332,150,5,0.108,0.12670103146987713,0.5389723935171845,0.0
mtd_ai,200,0.005073979830412065,0.410958904109589,5799.2925209153,0.20666666666666667,150,5,0.108,0.12670103146987713,0.5389723935171845,0.0
mtd_ai,200,0.005073979830412065,0.44642857142857145,6418.509260821125,0.25333333333333335,150,5,0.108,0.12670103146987713,0.5389723935171845,0.0
mtd_ai,200,0.005081072929781016,0.3,1931.6106309554189,0.05333333333333334,150,5,0.15666666666666668,0.6053433736555469,2.3028333294900403,0.0
mtd_ai,200,0.005081072929781016,0.3409090909090909,4021.251744967388,0.10666666666666667,150,5,0.15666666666666668,0.6053433736555469,2.3028333294900403,0.0
mtd_ai,200,0.005081072929781016,0.42452830188679247,4606.082716431371,0.15333333333333332,150,5,0.15666666666666668,0.6053433736555469,2.3028333294900403,0.0
mtd_ai,200,0.005081072929781016,0.47619047619047616,5312.717419750046,0.20666666666666667,150,5,0.15666666666666668,0.6053433736555469,2.3028333294900403,0.0
mtd_ai,200,0.005081072929781016,0.5,5707.378101541555,0.25333333333333335,150,5,0.15666666666666668,0.6053433736555469,2.3028333294900403,0.0
mtd_ai,200,0.005064993408130556,0.35714285714285715,2249.761004595901,0.05333333333333334,150,5,0.085,1.2704412730429888,4.271017963940407,0.0
mtd_ai,200,0.005064993408130556,0.3333333333333333,5017.180511757694,0.10666666666666667,150,5,0.085,1.2704412730429888,4.271017963940407,0.0
mtd_ai,200,0.005064993408130556,0.375,5899.421681162696,0.15333333333333332,150,5,0.085,1.2704412730429888,4.271017963940407,0.0
mtd_ai,200,0.005064993408130556,0.410958904109589,6414.698900081611,0.20666666666666667,150,5,0.085,1.2704412730429888,4.271017963940407,0.0
mtd_ai,200,0.005064993408130556,0.44642857142857145,7034.58249907303,0.25333333333333335,150,5,0.085,1.2704412730429888,4.271017963940407,0.0
mtd_ai,200,0.0050722759234618385,0.35714285714285715,2316.4077678540207,0.05333333333333334,150,5,0.11299999999999999,1.5309017452780487,5.05972605224261,0.0
mtd_ai,200,0.0050722759234618385,0.3488372093023256,4469.004235451908,0.10666666666666667,150,5,0.11299999999999999,1.5309017452780487,5.05972605224261,0.0
mtd_ai,200,0.0050722759234618385,0.3813559322033898,5554.840561875135,0.15333333333333332,150,5,0.11299999999999999,1.5309017452780487,5.05972605224261,0.0
mtd_ai,200,0.0050722759234618385,0.43478260869565216,5988.019427527089,0.20666666666666667,150,5,0.11299999999999999,1.5309017452780487,5.05972605224261,0.0
mtd_ai,200,0.0050722759234618385,0.46875,6664.685479847174,0.25333333333333335,150,5,0.11299999999999999,1.5309017452780487,5.05972605224261,0.0
mtd_ai,200,0.005066272112029682,0.22727272727272727,4130.116517172528,0.05333333333333334,150,5,0.18466666666666667,0.2586546401433469,0.5416998510922265,0.0
mtd_ai,200,0.005066272112029682,0.3125,4997.280594302315,0.10666666666666667,150,5,0.18466666666666667,0.2586546401433469,0.5416998510922265,0.0
mtd_ai,200,0.005066272112029682,0.35714285714285715,5572.997922604094,0.15333333333333332,150,5,0.18466666666666667,0.2586546401433469,0.5416998510922265,0.0
mtd_ai,200,0.005066272112029682,0.40540540540540543,6044.784385012104,0.20666666666666667,150,5,0.18466666666666667,0.2586546401433469,0.5416998510922265,0.0
mtd_ai,200,0.005066272112029682,0.44642857142857145,6430.226596295728,0.25333333333333335,150,5,0.18466666666666667,0.2586546401433469,0.5416998510922265,0.0
mtd_ai,200,0.00507854853619863,0.5,1432.2371378301063,0.05333333333333334,150,5,0.08,0.2602068173709514,0.426394506496856,0.0
mtd_ai,200,0.00507854853619863,0.375,4604.747712776887,0.10666666666666667,150,5,0.08,0.2602068173709514,0.426394506496856,0.0
mtd_ai,200,0.00507854853619863,0.42452830188679247,5133.342075216746,0.15333333333333332,150,5,0.08,0.2602068173709514,0.426394506496856,0.0
mtd_ai,200,0.00507854853619863,0.45454545454545453,5835.1371658535445,0.20666666666666667,150,5,0.08,0.2602068173709514,0.426394506496856,0.0
mtd_ai,200,0.00507854853619863,0.487012987012987,6315.028962828621,0.25333333333333335,150,5,0.08,0.2602068173709514,0.426394506496856,0.0
mtd_ai,200,0.00507862087501217,0.28846153846153844,3395.6753759962776,0.05333333333333334,150,5,0.11777777777777776,0.09003499104464752,0.22244165262067467,0.0
mtd_ai,200,0.00507862087501217,0.36585365853658536,4249.630438364402,0.10666666666666667,150,5,0.11777777777777776,0.09003499104464752,0.22244165262067467,0.0
mtd_ai,200,0.00507862087501217,0.42452830188679247,4882.10155979913,0.15333333333333332,150,5,0.11777777777777776,0.09003499104464752,0.22244165262067467,0.0
mtd_ai,200,0.00507862087501217,0.45454545454545453,5427.377691861124,0.20666666666666667,150,5,0.11777777777777776,0.09003499104464752,0.22244165262067467,0.0
mtd_ai,200,0.00507862087501217,0.46875,6043.387481795149,0.25333333333333335,150,5,0.11777777777777776,0.09003499104464752,0.22244165262067467,0.0
mtd_ai,200,0.005079951707554688,0.4166666666666667,1334.9487772285509,0.05333333333333334,150,5,0.1590909090909091,2.478522759935552,5.7599375314827395,0.0
mtd_ai,200,0.005079951707554688,0.46875,2554.782651606476,0.10666666666666667,150,5,0.1590909090909091,2.478522759935552,5.7599375314827395,0.0
mtd_ai,200,0.005079951707554688,0.4787234042553192,3529.178380127043,0.15333333333333332,150,5,0.1590909090909091,2.478522759935552,5.7599375314827395,0.0
mtd_ai,200,0.005079951707554688,0.47619047619047616,4450.2648463973055,0.20666666666666667,150,5,0.1590909090909091,2.478522759935552,5.7599375314827395,0.0
mtd_ai,200,0.005079951707554688,0.46875,5800.831823887589,0.25333333333333335,150,5,0.1590909090909091,2.478522759935552,5.7599375314827395,0.0
mtd_ai,200,0.005073833208197379,0.24193548387096775,3800.8572125787155,0.05333333333333334,150,5,0.15333333333333332,0.9740073076133112,3.489002856188711,0.0
mtd_ai,200,0.005073833208197379,0.35714285714285715,4301.662659305181,0.10666666666666667,150,5,0.15333333333333332,0.9740073076133112,3.489002856188711,0.0
mtd_ai,200,0.005073833208197379,0.3879310344827586,5057.451401524348,0.15333333333333332,150,5,0.15333333333333332,0.9740073076133112,3.489002856188711,0.0
mtd_ai,200,0.005073833208197379,0.42857142857142855,5503.475999228496,0.20666666666666667,150,5,0.15333333333333332,0.9740073076133112,3.489002856188711,0.0
mtd_ai,200,0.005073833208197379,0.45180722891566266,5892.013241753037,0.25333333333333335,150,5,0.15333333333333332,0.9740073076133112,3.489002856188711,0.0
mtd_ai,200,0.005079043028917219,0.375,1921.2885228104699,0.05333333333333334,150,5,0.14333333333333334,0.9178129687685357,3.734604894577435,0.0
mtd_ai,200,0.005079043028917219,0.42857142857142855,2898.9897927581324,0.10666666666666667,150,5,0.14333333333333334,0.9178129687685357,3.734604894577435,0.0
mtd_ai,200,0.005079043028917219,0.4326923076923077,4775.209907896056,0.15333333333333332,150,5,0.14333333333333334,0.9178129687685357,3.734604894577435,0.0
mtd_ai,200,0.005079043028917219,0.4838709677419355,5121.864585539405,0.20666666666666667,150,5,0.14333333333333334,0.9178129687685357,3.734604894577435,0.0
mtd_ai,200,0.005079043028917219,0.5208333333333334,5788.721496000602,0.25333333333333335,150,5,0.14333333333333334,0.9178129687685357,3.734604894577435,0.0
mtd_ai,200,0.005065257447473688,0.3125,2823.7837421212316,0.05333333333333334,150,5,0.14666666666666667,0.7893108070419967,3.1922716439474943,0.0
mtd_ai,200,0.005065257447473688,0.3125,5439.21908513231,0.10666666666666667,150,5,0.14666666666666667,0.7893108070419967,3.1922716439474943,0.0
mtd_ai,200,0.005065257447473688,0.3813559322033898,6227.519713739757,0.15333333333333332,150,5,0.14666666666666667,0.7893108070419967,3.1922716439474943,0.0
mtd_ai,200,0.005065257447473688,0.42857142857142855,6554.249459150196,0.20666666666666667,150,5,0.14666666666666667,0.7893108070419967,3.1922716439474943,0.0
mtd_ai,200,0.005065257447473688,0.46296296296296297,7062.775591295402,0.25333333333333335,150,5,0.14666666666666667,0.7893108070419967,3.1922716439474943,0.0
mtd_ai,200,0.005083413012991511,0.4166666666666667,1868.713920830396,0.05333333333333334,150,5,0.1688888888888889,0.38429131330046323,1.4916856939712118,0.0
mtd_ai,200,0.005083413012991511,0.4166666666666667,3878.116495924149,0.10666666666666667,150,5,0.1688888888888889,0.38429131330046323,1.4916856939712118,0.0
mtd_ai,200,0.005083413012991511,0.4787234042553192,4467.5305458679795,0.15333333333333332,150,5,0.1688888888888889,0.38429131330046323,1.4916856939712118,0.0
mtd_ai,200,0.005083413012991511,0.5172413793103449,4954.828986602264,0.20666666666666667,150,5,0.1688888888888889,0.38429131330046323,1.4916856939712118,0.0
mtd_ai,200,0.005083413012991511,0.528169014084507,5788.513032583345,0.25333333333333335,150,5,0.1688888888888889,0.38429131330046323,1.4916856939712118,0.0
mtd_ai,200,0.005067897301481337,0.19736842105263158,3917.3723316545293,0.05333333333333334,150,5,0.09777777777777777,3.4794828800168545,4.540436753740057,0.0
mtd_ai,200,0.005067897301481337,0.30612244897959184,4543.0482580925045,0.10666666666666667,150,5,0.09777777777777777,3.4794828800168545,4.540436753740057,0.0
mtd_ai,200,0.005067897301481337,0.3813559322033898,5103.482033560564,0.15333333333333332,150,5,0.09777777777777777,3.4794828800168545,4.540436753740057,0.0
mtd_ai,200,0.005067897301481337,0.410958904109589,5975.3579509280535,0.20666666666666667,150,5,0.09777777777777777,3.4794828800168545,4.540436753740057,0.0
mtd_ai,200,0.005067897301481337,0.436046511627907,6642.854169739473,0.25333333333333335,150,5,0.09777777777777777,3.4794828800168545,4.540436753740057,0.0
mtd_ai,200,0.005076889181546431,0.24193548387096775,3898.8661720454443,0.05333333333333334,150,5,0.18266666666666664,1.1376115046146906,2.6556718676796893,0.0
mtd_ai,200,0.005076889181546431,0.36585365853658536,4357.89812493202,0.10666666666666667,150,5,0.18266666666666664,1.1376115046146906,2.6556718676796893,0.0
mtd_ai,200,0.005076889181546431,0.4326923076923077,5053.088251846826,0.15333333333333332,150,5,0.18266666666666664,1.1376115046146906,2.6556718676796893,0.0
mtd_ai,200,0.005076889181546431,0.46875,5560.380728599759,0.20666666666666667,150,5,0.18266666666666664,1.1376115046146906,2.6556718676796893,0.0
mtd_ai,200,0.005076889181546431,0.5067567567567568,5951.538185161458,0.25333333333333335,150,5,0.18266666666666664,1.1376115046146906,2.6556718676796893,0.0
mtd_ai,200,0.005076831184558188,0.32608695652173914,3116.9588140718597,0.05333333333333334,150,5,0.09777777777777778,0.29122510646797645,0.9067950827339246,0.0
mtd_ai,200,0.005076831184558188,0.42857142857142855,3814.106895284138,0.10666666666666667,150,5,0.09777777777777778,0.29122510646797645,0.9067950827339246,0.0
mtd_ai,200,0.005076831184558188,0.4891304347826087,4420.194142280692,0.15333333333333332,150,5,0.09777777777777778,0.29122510646797645,0.9067950827339246,0.0
mtd_ai,200,0.005076831184558188,0.4918032786885246,5391.401714459647,0.20666666666666667,150,5,0.09777777777777778,0.29122510646797645,0.9067950827339246,0.0
mtd_ai,200,0.005076831184558188,0.5,6151.090088596649,0.25333333333333335,150,5,0.09777777777777778,0.29122510646797645,0.9067950827339246,0.0
mtd_ai,200,0.00507295925909095,0.28846153846153844,2540.0396776906637,0.05333333333333334,150,5,0.1,1.626533657833267,3.8023594802747906,0.0
mtd_ai,200,0.00507295925909095,0.35714285714285715,3948.2705164309573,0.10666666666666667,150,5,0.1,1.626533657833267,3.8023594802747906,0.0
mtd_ai,200,0.00507295925909095,0.39473684210526316,5157.350958473813,0.15333333333333332,150,5,0.1,1.626533657833267,3.8023594802747906,0.0
mtd_ai,200,0.00507295925909095,0.43478260869565216,5632.085133402272,0.20666666666666667,150,5,0.1,1.626533657833267,3.8023594802747906,0.0
mtd_ai,200,0.00507295925909095,0.46296296296296297,6503.423312755234,0.25333333333333335,150,5,0.1,1.626533657833267,3.8023594802747906,0.0
mtd_ai,200,0.005067962700731095,0.3125,2602.6461585766247,0.05333333333333334,150,5,0.16505555555555554,0.797718587328555,2.7375875413816493,0.0
mtd_ai,200,0.005067962700731095,0.375,3639.0161992691787,0.10666666666666667,150,5,0.16505555555555554,0.797718587328555,2.7375875413816493,0.0
mtd_ai,200,0.005067962700731095,0.4411764705882353,4270.05541825283,0.15333333333333332,150,5,0.16505555555555554,0.797718587328555,2.7375875413816493,0.0
mtd_ai,200,0.005067962700731095,0.40540540540540543,6154.1753132146405,0.20666666666666667,150,5,0.16505555555555554,0.797718587328555,2.7375875413816493,0.0
mtd_ai,200,0.005067962700731095,0.4411764705882353,6861.036860981361,0.25333333333333335,150,5,0.16505555555555554,0.797718587328555,2.7375875413816493,0.0
mtd_ai,200,0.0050636293296685685,0.32608695652173914,2497.624679931987,0.05333333333333334,150,5,0.11333333333333333,0.4309435988147328,1.5775523341333897,0.0
mtd_ai,200,0.0050636293296685685,0.3488372093023256,5050.127669195199,0.10666666666666667,150,5,0.11333333333333333,0.4309435988147328,1.5775523341333897,0.0
mtd_ai,200,0.0050636293296685685,0.4017857142857143,5853.1983916612935,0.15333333333333332,150,5,0.11333333333333333,0.4309435988147328,1.5775523341333897,0.0
mtd_ai,200,0.0050636293296685685,0.43478260869565216,6503.480176231404,0.20666666666666667,150,5,0.11333333333333333,0.4309435988147328,1.5775523341333897,0.0
mtd_ai,200,0.0050636293296685685,0.4573170731707317,7013.9250303683,0.25333333333333335,150,5,0.11333333333333333,0.4309435988147328,1.5775523341333897,0.0
mtd_ai,200,0.005081889323866764,0.2777777777777778,3254.0520667636447,0.05333333333333334,150,5,0.12277777777777776,0.027725075285090463,0.024416509965519306,0.0
mtd_ai,200,0.005081889323866764,0.38461538461538464,4045.616970568999,0.10666666666666667,150,5,0.12277777777777776,0.027725075285090463,0.024416509965519306,0.0
mtd_ai,200,0.005081889323866764,0.4326923076923077,4870.661392057753,0.15333333333333332,150,5,0.12277777777777776,0.027725075285090463,0.024416509965519306,0.0
mtd_ai,200,0.005081889323866764,0.47619047619047616,5352.5060865690175,0.20666666666666667,150,5,0.12277777777777776,0.027725075285090463,0.024416509965519306,0.0
mtd_ai,200,0.005081889323866764,0.5136986301369864,6018.825081571389,0.25333333333333335,150,5,0.12277777777777776,0.027725075285090463,0.024416509965519306,0.0
mtd_ai,200,0.005070004466338841,0.3,2405.0407989770665,0.05333333333333334,150,5,0.20833333333333334,0.4742962540015248,1.565259650247527,0.0
mtd_ai,200,0.005070004466338841,0.32608695652173914,3777.597218763531,0.10666666666666667,150,5,0.20833333333333334,0.4742962540015248,1.565259650247527,0.0
mtd_ai,200,0.005070004466338841,0.375,4421.145005868133,0.15333333333333332,150,5,0.20833333333333334,0.4742962540015248,1.565259650247527,0.0
mtd_ai,200,0.005070004466338841,0.379746835443038,6187.223538440335,0.20666666666666667,150,5,0.20833333333333334,0.4742962540015248,1.565259650247527,0.0
mtd_ai,200,0.005070004466338841,0.4032258064516129,6693.098120222938,0.25333333333333335,150,5,0.20833333333333334,0.4742962540015248,1.565259650247527,0.0
mtd_ai,200,0.005065858753071661,0.3,2863.444835781942,0.05333333333333334,150,5,0.17344444444444443,0.7525506682113208,3.321357553076577,0.0
mtd_ai,200,0.005065858753071661,0.375,3670.840426974848,0.10666666666666667,150,5,0.17344444444444443,0.7525506682113208,3.321357553076577,0.0
mtd_ai,200,0.005065858753071661,0.375,5624.55628668054,0.15333333333333332,150,5,0.17344444444444443,0.7525506682113208,3.321357553076577,0.0
mtd_ai,200,0.005065858753071661,0.375,6546.712054152466,0.20666666666666667,150,5,0.17344444444444443,0.7525506682113208,3.321357553076577,0.0
mtd_ai,200,0.005065858753071661,0.4166666666666667,6906.582862614517,0.25333333333333335,150,5,0.17344444444444443,0.7525506682113208,3.321357553076577,0.0
mtd_ai,200,0.005076975729890866,0.20833333333333334,4059.636111548628,0.05333333333333334,150,5,0.10666666666666667,0.5297948062602313,2.010261526023639,0.0
mtd_ai,200,0.005076975729890866,0.3,4680.28583747449,0.10666666666666667,150,5,0.10666666666666667,0.5297948062602313,2.010261526023639,0.0
mtd_ai,200,0.005076975729890866,0.36885245901639346,5148.7497202347195,0.15333333333333332,150,5,0.10666666666666667,0.5297948062602313,2.010261526023639,0.0
mtd_ai,200,0.005076975729890866,0.410958904109589,5730.076288472059,0.20666666666666667,150,5,0.10666666666666667,0.5297948062602313,2.010261526023639,0.0
mtd_ai,200,0.005076975729890866,0.44642857142857145,6244.906146572611,0.25333333333333335,150,5,0.10666666666666667,0.5297948062602313,2.010261526023639,0.0
mtd_ai,200,0.005066474570405468,0.25862068965517243,4161.589932691975,0.05333333333333334,150,5,0.12644444444444444,0.9540902202452858,2.8254960820142307,0.0
mtd_ai,200,0.005066474570405468,0.3488372093023256,5006.400242802254,0.10666666666666667,150,5,0.12644444444444444,0.9540902202452858,2.8254960820142307,0.0
mtd_ai,200,0.005066474570405468,0.4326923076923077,5606.314573827816,0.15333333333333332,150,5,0.12644444444444444,0.9540902202452858,2.8254960820142307,0.0
mtd_ai,200,0.005066474570405468,0.45454545454545453,6363.935759804004,0.20666666666666667,150,5,0.12644444444444444,0.9540902202452858,2.8254960820142307,0.0
mtd_ai,200,0.005066474570405468,0.5067567567567568,6815.0874037756375,0.25333333333333335,150,5,0.12644444444444444,0.9540902202452858,2.8254960820142307,0.0
mtd_ai,200,0.005062958387270615,0.25,3884.2178253273937,0.05333333333333334,150,5,0.095,1.0735493850794147,2.8517001088247502,0.0
mtd_ai,200,0.005062958387270615,0.32608695652173914,5433.350638773742,0.10666666666666667,150,5,0.095,1.0735493850794147,2.8517001088247502,0.0
mtd_ai,200,0.005062958387270615,0.36885245901639346,6364.309341681561,0.15333333333333332,150,5,0.095,1.0735493850794147,2.8517001088247502,0.0
mtd_ai,200,0.005062958387270615,0.410958904109589,6909.2805598396935,0.20666666666666667,150,5,0.095,1.0735493850794147,2.8517001088247502,0.0
mtd_ai,200,0.005062958387270615,0.44642857142857145,7473.178087020771,0.25333333333333335,150,5,0.095,1.0735493850794147,2.8517001088247502,0.0
mtd_ai,200,0.005067517641266134,0.22058823529411764,4450.350957774744,0.05333333333333334,150,5,0.16033333333333333,0.12753149285763152,0.315147247178841,0.0
mtd_ai,200,0.005067517641266134,0.32608695652173914,5044.538480286804,0.10666666666666667,150,5,0.16033333333333333,0.12753149285763152,0.315147247178841,0.0
mtd_ai,200,0.005067517641266134,0.4017857142857143,5544.169432033041,0.15333333333333332,150,5,0.16033333333333333,0.12753149285763152,0.315147247178841,0.0
mtd_ai,200,0.005067517641266134,0.43478260869565216,6103.318425368325,0.20666666666666667,150,5,0.16033333333333333,0.12753149285763152,0.315147247178841,0.0
mtd_ai,200,0.005067517641266134,0.44642857142857145,6922.658298137501,0.25333333333333335,150,5,0.16033333333333333,0.12753149285763152,0.315147247178841,0.0
mtd_ai,200,0.0050643149451741615,0.21428571428571427,4452.58257449445,0.05333333333333334,150,5,0.12222222222222222,0.08622050541189161,0.24258255107470175,0.0
mtd_ai,200,0.0050643149451741615,0.28846153846153844,5950.185657439057,0.10666666666666667,150,5,0.12222222222222222,0.08622050541189161,0.24258255107470175,0.0
mtd_ai,200,0.0050643149451741615,0.3515625,6512.202629462146,0.15333333333333332,150,5,0.12222222222222222,0.08622050541189161,0.24258255107470175,0.0
mtd_ai,200,0.0050643149451741615,0.4,7009.140656747337,0.20666666666666667,150,5,0.12222222222222222,0.08622050541189161,0.24258255107470175,0.0
mtd_ai,200,0.0050643149451741615,0.44642857142857145,7231.073082422834,0.25333333333333335,150,5,0.12222222222222222,0.08622050541189161,0.24258255107470175,0.0
mtd_ai,200,0.005070577418886277,0.2777777777777778,1853.377206048957,0.05333333333333334,150,5,0.14,0.7932497481017761,2.8498067522834654,0.0
mtd_ai,200,0.005070577418886277,0.3125,4319.88243642751,0.10666666666666667,150,5,0.14,0.7932497481017761,2.8498067522834654,0.0
mtd_ai,200,0.005070577418886277,0.3409090909090909,5558.417547236577,0.15333333333333332,150,5,0.14,0.7932497481017761,2.8498067522834654,0.0
mtd_ai,200,0.005070577418886277,0.37037037037037035,6356.136069348722,0.20666666666666667,150,5,0.14,0.7932497481017761,2.8498067522834654,0.0
mtd_ai,200,0.005070577418886277,0.41208791208791207,6688.497374789376,0.25333333333333335,150,5,0.14,0.7932497481017761,2.8498067522834654,0.0
mtd_ai,200,0.0050824822882383856,0.39473684210526316,1918.0361656465732,0.05333333333333334,150,5,0.16666666666666666,0.23753241340691686,1.0308101472961895,0.0
mtd_ai,200,0.0050824822882383856,0.4166666666666667,3593.661038491394,0.10666666666666667,150,5,0.16666666666666666,0.23753241340691686,1.0308101472961895,0.0
mtd_ai,200,0.0050824822882383856,0.4787234042553192,4342.663209158474,0.15333333333333332,150,5,0.16666666666666666,0.23753241340691686,1.0308101472961895,0.0
mtd_ai,200,0.0050824822882383856,0.5,5259.931058457711,0.20666666666666667,150,5,0.16666666666666666,0.23753241340691686,1.0308101472961895,0.0
mtd_ai,200,0.0050824822882383856,0.5514705882352942,5649.711554033658,0.25333333333333335,150,5,0.16666666666666666,0.23753241340691686,1.0308101472961895,0.0
mtd_ai,200,0.005083587193161326,0.35714285714285715,2252.2371109870146,0.05333333333333334,150,5,0.08333333333333333,0.1502886759548167,0.6315123958829686,0.0
mtd_ai,200,0.005083587193161326,0.38461538461538464,3656.4011706537904,0.10666666666666667,150,5,0.08333333333333333,0.1502886759548167,0.6315123958829686,0.0
mtd_ai,200,0.005083587193161326,0.46875,4047.4262743421814,0.15333333333333332,150,5,0.08333333333333333,0.1502886759548167,0.6315123958829686,0.0
mtd_ai,200,0.005083587193161326,0.4918032786885246,4879.265874285467,0.20666666666666667,150,5,0.08333333333333333,0.1502886759548167,0.6315123958829686,0.0
mtd_ai,200,0.005083587193161326,0.5,5761.192807420923,0.25333333333333335,150,5,0.08333333333333333,0.1502886759548167,0.6315123958829686,0.0
mtd_ai,200,0.005066761990728728,0.25,3780.7746252275656,0.05333333333333334,150,5,0.18444444444444444,0.49977460943984947,2.0989025703234274,0.0
mtd_ai,200,0.005066761990728728,0.3333333333333333,5094.0377915542485,0.10666666666666667,150,5,0.18444444444444444,0.49977460943984947,2.0989025703234274,0.0
mtd_ai,200,0.005066761990728728,0.4090909090909091,5689.693348345552,0.15333333333333332,150,5,0.18444444444444444,0.49977460943984947,2.0989025703234274,0.0
mtd_ai,200,0.005066761990728728,0.42857142857142855,6356.766344222115,0.20666666666666667,150,5,0.18444444444444444,0.49977460943984947,2.0989025703234274,0.0
mtd_ai,200,0.005066761990728728,0.45180722891566266,6875.808881239261,0.25333333333333335,150,5,0.18444444444444444,0.49977460943984947,2.0989025703234274,0.0
mtd_ai,200,0.005052209539147412,0.16666666666666666,5533.663365102345,0.05333333333333334,150,5,0.11333333333333333,0.5790091504509287,2.3367370236103295,0.0
mtd_ai,200,0.005052209539147412,0.25862068965517243,6511.247029282578,0.10666666666666667,150,5,0.11333333333333333,0.5790091504509287,2.3367370236103295,0.0
mtd_ai,200,0.005052209539147412,0.3358208955223881,6922.383761652782,0.15333333333333332,150,5,0.11333333333333333,0.5790091504509287,2.3367370236103295,0.0
mtd_ai,200,0.005052209539147412,0.38961038961038963,7261.545853903448,0.20666666666666667,150,5,0.11333333333333333,0.5790091504509287,2.3367370236103295,0.0
mtd_ai,200,0.005052209539147412,0.4166666666666667,8166.614933532236,0.25333333333333335,150,5,0.11333333333333333,0.5790091504509287,2.3367370236103295,0.0
mtd_ai,200,0.005059262026605328,0.25862068965517243,3323.7066457138208,0.05333333333333334,150,5,0.10777777777777776,0.11225689195212352,0.38744158761233305,0.0
mtd_ai,200,0.005059262026605328,0.2777777777777778,6303.420370101543,0.10666666666666667,150,5,0.10777777777777776,0.11225689195212352,0.38744158761233305,0.0
mtd_ai,200,0.005059262026605328,0.34615384615384615,6684.92274003925,0.15333333333333332,150,5,0.10777777777777776,0.11225689195212352,0.38744158761233305,0.0
mtd_ai,200,0.005059262026605328,0.39473684210526316,7054.571416743536,0.20666666666666667,150,5,0.10777777777777776,0.11225689195212352,0.38744158761233305,0.0
mtd_ai,200,0.005059262026605328,0.436046511627907,7354.076775795913,0.25333333333333335,150,5,0.10777777777777776,0.11225689195212352,0.38744158761233305,0.0
mtd_ai,200,0.00508635873631462,0.39473684210526316,1486.6908084768074,0.05333333333333334,150,5,0.14142857142857143,0.1479230270087407,0.6496614873381904,0.0
mtd_ai,200,0.00508635873631462,0.4411764705882353,2820.598677004747,0.10666666666666667,150,5,0.14142857142857143,0.1479230270087407,0.6496614873381904,0.0
mtd_ai,200,0.00508635873631462,0.46875,4261.983465667365,0.15333333333333332,150,5,0.14142857142857143,0.1479230270087407,0.6496614873381904,0.0
mtd_ai,200,0.00508635873631462,0.5,5180.559451382158,0.20666666666666667,150,5,0.14142857142857143,0.1479230270087407,0.6496614873381904,0.0
mtd_ai,200,0.00508635873631462,0.528169014084507,5647.775470805305,0.25333333333333335,150,5,0.14142857142857143,0.1479230270087407,0.6496614873381904,0.0
mtd_ai,200,0.005081666036066292,0.32608695652173914,2071.6265975414476,0.05333333333333334,150,5,0.10888888888888888,1.1222390611289221,2.8038486074110676,0.0
mtd_ai,200,0.005081666036066292,0.3409090909090909,3391.7181234453797,0.10666666666666667,150,5,0.10888888888888888,1.1222390611289221,2.8038486074110676,0.0
mtd_ai,200,0.005081666036066292,0.4326923076923077,4077.418563094202,0.15333333333333332,150,5,0.10888888888888888,1.1222390611289221,2.8038486074110676,0.0
mtd_ai,200,0.005081666036066292,0.42857142857142855,5131.204231004779,0.20666666666666667,150,5,0.10888888888888888,1.1222390611289221,2.8038486074110676,0.0
mtd_ai,200,0.005081666036066292,0.46875,5520.458515003077,0.25333333333333335,150,5,0.10888888888888888,1.1222390611289221,2.8038486074110676,0.0
mtd_ai,200,0.005060872181357707,0.24193548387096775,3735.6129710798614,0.05333333333333334,150,5,0.21744444444444444,1.9815512431081064,5.0235613575342715,0.0
mtd_ai,200,0.005060872181357707,0.3125,5202.495993215999,0.10666666666666667,150,5,0.21744444444444444,1.9815512431081064,5.0235613575342715,0.0
mtd_ai,200,0.005060872181357707,0.3629032258064516,6211.694165691986,0.15333333333333332,150,5,0.21744444444444444,1.9815512431081064,5.0235613575342715,0.0
mtd_ai,200,0.005060872181357707,0.39473684210526316,6684.219026583901,0.20666666666666667,150,5,0.21744444444444444,1.9815512431081064,5.0235613575342715,0.0
mtd_ai,200,0.005060872181357707,0.42613636363636365,7418.318475559203,0.25333333333333335,150,5,0.21744444444444444,1.9815512431081064,5.0235613575342715,0.0
mtd_ai,200,0.005088072671842061,0.35714285714285715,2479.8888699696745,0.05333333333333334,150,5,0.19380952380952382,2.7511857439910616,4.961644177854483,0.0
mtd_ai,200,0.005088072671842061,0.40540540540540543,3344.1314633382826,0.10666666666666667,150,5,0.19380952380952382,2.7511857439910616,4.961644177854483,0.0
mtd_ai,200,0.005088072671842061,0.42452830188679247,4430.078886330788,0.15333333333333332,150,5,0.19380952380952382,2.7511857439910616,4.961644177854483,0.0
mtd_ai,200,0.005088072671842061,0.46153846153846156,4891.500950091746,0.20666666666666667,150,5,0.19380952380952382,2.7511857439910616,4.961644177854483,0.0
mtd_ai,200,0.005088072671842061,0.5,5339.556137213885,0.25333333333333335,150,5,0.19380952380952382,2.7511857439910616,4.961644177854483,0.0
mtd_ai,200,0.005076412683393845,0.19736842105263158,3699.4717237558893,0.05333333333333334,150,5,0.1111111111111111,0.9132127398345782,3.0259108166466295,0.0
mtd_ai,200,0.005076412683393845,0.2777777777777778,4572.643824972058,0.10666666666666667,150,5,0.1111111111111111,0.9132127398345782,3.0259108166466295,0.0
mtd_ai,200,0.005076412683393845,0.3409090909090909,5167.673437574256,0.15333333333333332,150,5,0.1111111111111111,0.9132127398345782,3.0259108166466295,0.0
mtd_ai,200,0.005076412683393845,0.38961038961038963,5813.7989777657185,0.20666666666666667,150,5,0.1111111111111111,0.9132127398345782,3.0259108166466295,0.0
mtd_ai,200,0.005076412683393845,0.4411764705882353,6050.314898964072,0.25333333333333335,150,5,0.1111111111111111,0.9132127398345782,3.0259108166466295,0.0
mtd_ai,200,0.005072315130989022,0.22058823529411764,4238.819216692524,0.05333333333333334,150,5,0.14444444444444446,0.7216323161768086,2.399612150050737,0.0
mtd_ai,200,0.005072315130989022,0.3191489361702128,5192.487935808087,0.10666666666666667,150,5,0.14444444444444446,0.7216323161768086,2.399612150050737,0.0
mtd_ai,200,0.005072315130989022,0.4017857142857143,5537.491389032858,0.15333333333333332,150,5,0.14444444444444446,0.7216323161768086,2.399612150050737,0.0
mtd_ai,200,0.005072315130989022,0.4411764705882353,6017.791433776616,0.20666666666666667,150,5,0.14444444444444446,0.7216323161768086,2.399612150050737,0.0
mtd_ai,200,0.005072315130989022,0.46875,6460.404106792073,0.25333333333333335,150,5,0.14444444444444446,0.7216323161768086,2.399612150050737,0.0
mtd_ai,200,0.0050807752591907765,0.26785714285714285,3573.72153616768,0.05333333333333334,150,5,0.05,0.08728604646863358,0.331876654598224,0.0
mtd_ai,200,0.0050807752591907765,0.3488372093023256,4382.786467664857,0.10666666666666667,150,5,0.05,0.08728604646863358,0.331876654598224,0.0
mtd_ai,200,0.0050807752591907765,0.39473684210526316,5172.858773252612,0.15333333333333332,150,5,0.05,0.08728604646863358,0.331876654598224,0.0
mtd_ai,200,0.0050807752591907765,0.43478260869565216,5607.2434177741,0.20666666666666667,150,5,0.05,0.08728604646863358,0.331876654598224,0.0
mtd_ai,200,0.0050807752591907765,0.487012987012987,5886.45920047077,0.25333333333333335,150,5,0.05,0.08728604646863358,0.331876654598224,0.0
mtd_ai,200,0.0050809356672333085,0.32608695652173914,2632.075894323737,0.05333333333333334,150,5,0.09066666666666666,0.10923900261598235,0.48220913974340446,0.0
mtd_ai,200,0.0050809356672333085,0.40540540540540543,3374.356370709532,0.10666666666666667,150,5,0.09066666666666666,0.10923900261598235,0.48220913974340446,0.0
mtd_ai,200,0.0050809356672333085,0.45,4139.738172356837,0.15333333333333332,150,5,0.09066666666666666,0.10923900261598235,0.48220913974340446,0.0
mtd_ai,200,0.0050809356672333085,0.47619047619047616,4830.785996817277,0.20666666666666667,150,5,0.09066666666666666,0.10923900261598235,0.48220913974340446,0.0
mtd_ai,200,0.0050809356672333085,0.4807692307692308,5999.435633331027,0.25333333333333335,150,5,0.09066666666666666,0.10923900261598235,0.48220913974340446,0.0
mtd_ai,200,0.005072564664397301,0.24193548387096775,3917.7624436803717,0.05333333333333334,150,5,0.08,3.1600515624162866,6.100800991420161,0.0
mtd_ai,200,0.005072564664397301,0.35714285714285715,4604.290663967256,0.10666666666666667,150,5,0.08,3.1600515624162866,6.100800991420161,0.0
mtd_ai,200,0.005072564664397301,0.4326923076923077,5075.277054257333,0.15333333333333332,150,5,0.08,3.1600515624162866,6.100800991420161,0.0
mtd_ai,200,0.005072564664397301,0.45454545454545453,5608.376355752765,0.20666666666666667,150,5,0.08,3.1600515624162866,6.100800991420161,0.0
mtd_ai,200,0.005072564664397301,0.5,6329.6658874997875,0.25333333333333335,150,5,0.08,3.1600515624162866,6.100800991420161,0.0
mtd_ai,200,0.005078707079868484,0.35714285714285715,2335.724580241204,0.05333333333333334,150,5,0.09666666666666666,1.5396238719117645,0.7954255338991343,0.0
mtd_ai,200,0.005078707079868484,0.40540540540540543,3693.083190186245,0.10666666666666667,150,5,0.09666666666666666,1.5396238719117645,0.7954255338991343,0.0
mtd_ai,200,0.005078707079868484,0.45,4433.054461701603,0.15333333333333332,150,5,0.09666666666666666,1.5396238719117645,0.7954255338991343,0.0
mtd_ai,200,0.005078707079868484,0.46153846153846156,5752.735707953768,0.20666666666666667,150,5,0.09666666666666666,1.5396238719117645,0.7954255338991343,0.0
mtd_ai,200,0.005078707079868484,0.487012987012987,6278.354581893652,0.25333333333333335,150,5,0.09666666666666666,1.5396238719117645,0.7954255338991343,0.0
mtd_ai,200,0.005076576990355437,0.25,3123.171507062968,0.05333333333333334,150,5,0.18666666666666668,1.6036660820619129,5.029426097807692,0.0
mtd_ai,200,0.005076576990355437,0.32608695652173914,4883.291636116636,0.10666666666666667,150,5,0.18666666666666668,1.6036660820619129,5.029426097807692,0.0
mtd_ai,200,0.005076576990355437,0.4090909090909091,5107.9468417024855,0.15333333333333332,150,5,0.18666666666666668,1.6036660820619129,5.029426097807692,0.0
mtd_ai,200,0.005076576990355437,0.42857142857142855,5972.94530496243,0.20666666666666667,150,5,0.18666666666666668,1.6036660820619129,5.029426097807692,0.0
mtd_ai,200,0.005076576990355437,0.4807692307692308,6274.2372189080525,0.25333333333333335,150,5,0.18666666666666668,1.6036660820619129,5.029426097807692,0.0
mtd_ai,200,0.0050863900139445604,0.3409090909090909,2216.4720465347546,0.05333333333333334,150,5,0.08666666666666667,3.9380938519767903,7.357102159001161,0.0
mtd_ai,200,0.0050863900139445604,0.39473684210526316,3768.991875435297,0.10666666666666667,150,5,0.08666666666666667,3.9380938519767903,7.357102159001161,0.0
mtd_ai,200,0.0050863900139445604,0.45918367346938777,4346.842113859886,0.15333333333333332,150,5,0.08666666666666667,3.9380938519767903,7.357102159001161,0.0
mtd_ai,200,0.0050863900139445604,0.5,4838.189294306198,0.20666666666666667,150,5,0.08666666666666667,3.9380938519767903,7.357102159001161,0.0
mtd_ai,200,0.0050863900139445604,0.5357142857142857,5546.821736566319,0.25333333333333335,150,5,0.08666666666666667,3.9380938519767903,7.357102159001161,0.0
mtd_ai,200,0.005061219779723436,0.22058823529411764,4459.3431314479385,0.05333333333333334,150,5,0.1161111111111111,5.183595578054628,6.465936244985115,0.0
mtd_ai,200,0.005061219779723436,0.3191489361702128,5180.717925778477,0.10666666666666667,150,5,0.1161111111111111,5.183595578054628,6.465936244985115,0.0
mtd_ai,200,0.005061219779723436,0.39473684210526316,5805.601619814737,0.15333333333333332,150,5,0.1161111111111111,5.183595578054628,6.465936244985115,0.0
mtd_ai,200,0.005061219779723436,0.40540540540540543,7023.131730833186,0.20666666666666667,150,5,0.1161111111111111,5.183595578054628,6.465936244985115,0.0
mtd_ai,200,0.005061219779723436,0.44642857142857145,7340.994589740828,0.25333333333333335,150,5,0.1161111111111111,5.183595578054628,6.465936244985115,0.0
mtd_ai,200,0.005056985373343762,0.19230769230769232,4633.873143052659,0.05333333333333334,150,5,0.14133333333333334,0.06112824183536001,0.2570032598100632,0.0
mtd_ai,200,0.005056985373343762,0.30612244897959184,5181.069274746818,0.10666666666666667,150,5,0.14133333333333334,0.06112824183536001,0.2570032598100632,0.0
mtd_ai,200,0.005056985373343762,0.3813559322033898,5744.181817951792,0.15333333333333332,150,5,0.14133333333333334,0.06112824183536001,0.2570032598100632,0.0
mtd_ai,200,0.005056985373343762,0.38461538461538464,7300.281664498336,0.20666666666666667,150,5,0.14133333333333334,0.06112824183536001,0.2570032598100632,0.0
mtd_ai,200,0.005056985373343762,0.41208791208791207,7823.372708469406,0.25333333333333335,150,5,0.14133333333333334,0.06112824183536001,0.2570032598100632,0.0
mtd_ai,200,0.0050722463488428755,0.3,2671.825714480446,0.05333333333333334,150,5,0.11888888888888888,1.1486755046436539,3.364585989869116,0.0
mtd_ai,200,0.0050722463488428755,0.3333333333333333,4559.053444080277,0.10666666666666667,150,5,0.11888888888888888,1.1486755046436539,3.364585989869116,0.0
mtd_ai,200,0.0050722463488428755,0.39473684210526316,5154.55950428978,0.15333333333333332,150,5,0.11888888888888888,1.1486755046436539,3.364585989869116,0.0
mtd_ai,200,0.0050722463488428755,0.42857142857142855,5956.208124685942,0.20666666666666667,150,5,0.11888888888888888,1.1486755046436539,3.364585989869116,0.0
mtd_ai,200,0.0050722463488428755,0.4573170731707317,6560.175674265667,0.25333333333333335,150,5,0.11888888888888888,1.1486755046436539,3.364585989869116,0.0
mtd_ai,200,0.005090637666394558,0.39473684210526316,1558.4952918465601,0.05333333333333334,150,5,0.17391304347826086,0.5775839456982751,2.1391322798534964,0.0
mtd_ai,200,0.005090637666394558,0.40540540540540543,3441.986052853912,0.10666666666666667,150,5,0.17391304347826086,0.5775839456982751,2.1391322798534964,0.0
mtd_ai,200,0.005090637666394558,0.46875,4270.051456392069,0.15333333333333332,150,5,0.17391304347826086,0.5775839456982751,2.1391322798534964,0.0
mtd_ai,200,0.005090637666394558,0.5084745762711864,4761.432322534466,0.20666666666666667,150,5,0.17391304347826086,0.5775839456982751,2.1391322798534964,0.0
mtd_ai,200,0.005090637666394558,0.5357142857142857,5134.084796973855,0.25333333333333335,150,5,0.17391304347826086,0.5775839456982751,2.1391322798534964,0.0
mtd_ai,200,0.005074885211665173,0.3409090909090909,2443.6605297611745,0.05333333333333334,150,5,0.1148888888888889,1.0740493024619397,2.065654787042065,0.0
mtd_ai,200,0.005074885211665173,0.38461538461538464,3802.70081659857,0.10666666666666667,150,5,0.1148888888888889,1.0740493024619397,2.065654787042065,0.0
mtd_ai,200,0.005074885211665173,0.42452830188679247,4861.542291316777,0.15333333333333332,150,5,0.1148888888888889,1.0740493024619397,2.065654787042065,0.0
mtd_ai,200,0.005074885211665173,0.45454545454545453,5586.275812209702,0.20666666666666667,150,5,0.1148888888888889,1.0740493024619397,2.065654787042065,0.0
mtd_ai,200,0.005074885211665173,0.487012987012987,6051.798361880188,0.25333333333333335,150,5,0.1148888888888889,1.0740493024619397,2.065654787042065,0.0
mtd_ai,200,0.005094123766023963,0.3125,2468.7505829045667,0.05333333333333334,150,5,0.10011111111111111,1.256553316087295,2.5812182116309055,0.0
mtd_ai,200,0.005094123766023963,0.39473684210526316,3549.7366356378543,0.10666666666666667,150,5,0.10011111111111111,1.256553316087295,2.5812182116309055,0.0
mtd_ai,200,0.005094123766023963,0.45918367346938777,4231.474445000288,0.15333333333333332,150,5,0.10011111111111111,1.256553316087295,2.5812182116309055,0.0
mtd_ai,200,0.005094123766023963,0.4918032786885246,4659.455363182384,0.20666666666666667,150,5,0.10011111111111111,1.256553316087295,2.5812182116309055,0.0
mtd_ai,200,0.005094123766023963,0.528169014084507,5132.443516342074,0.25333333333333335,150,5,0.10011111111111111,1.256553316087295,2.5812182116309055,0.0
mtd_ai,200,0.005074741016409226,0.4411764705882353,1478.9083437145769,0.05333333333333334,150,5,0.13866666666666666,6.97130021096502,7.497943007899751,0.0
mtd_ai,200,0.005074741016409226,0.38461538461538464,4027.3173156581975,0.10666666666666667,150,5,0.13866666666666666,6.97130021096502,7.497943007899751,0.0
mtd_ai,200,0.005074741016409226,0.4411764705882353,4554.899995479147,0.15333333333333332,150,5,0.13866666666666666,6.97130021096502,7.497943007899751,0.0
mtd_ai,200,0.005074741016409226,0.44776119402985076,5734.283550196293,0.20666666666666667,150,5,0.13866666666666666,6.97130021096502,7.497943007899751,0.0
mtd_ai,200,0.005074741016409226,0.4934210526315789,6067.558965229768,0.25333333333333335,150,5,0.13866666666666666,6.97130021096502,7.497943007899751,0.0
mtd_ai,200,0.005065664583092337,0.22058823529411764,4204.166775905659,0.05333333333333334,150,5,0.1592222222222222,1.0625615831608664,4.3133325029771825,0.0
mtd_ai,200,0.005065664583092337,0.3,5410.178461352191,0.10666666666666667,150,5,0.1592222222222222,1.0625615831608664,4.3133325029771825,0.0
mtd_ai,200,0.005065664583092337,0.39473684210526316,5701.172358399726,0.15333333333333332,150,5,0.1592222222222222,1.0625615831608664,4.3133325029771825,0.0
mtd_ai,200,0.005065664583092337,0.43478260869565216,6289.679926081488,0.20666666666666667,150,5,0.1592222222222222,1.0625615831608664,4.3133325029771825,0.0
mtd_ai,200,0.005065664583092337,0.46296296296296297,6778.957112983357,0.25333333333333335,150,5,0.1592222222222222,1.0625615831608664,4.3133325029771825,0.0
mtd_ai,200,0.005065999650311825,0.3,2650.7892860541424,0.05333333333333334,150,5,0.14955555555555555,0.6994186579740713,2.964041602738084,0.0
mtd_ai,200,0.005065999650311825,0.3125,5537.485477151175,0.10666666666666667,150,5,0.14955555555555555,0.6994186579740713,2.964041602738084,0.0
mtd_ai,200,0.005065999650311825,0.3879310344827586,6143.813931554581,0.15333333333333332,150,5,0.14955555555555555,0.6994186579740713,2.964041602738084,0.0
mtd_ai,200,0.005065999650311825,0.43478260869565216,6637.333321608472,0.20666666666666667,150,5,0.14955555555555555,0.6994186579740713,2.964041602738084,0.0
mtd_ai,200,0.005065999650311825,0.47468354430379744,6996.997766909615,0.25333333333333335,150,5,0.14955555555555555,0.6994186579740713,2.964041602738084,0.0
mtd_ai,200,0.005082660306299553,0.28846153846153844,3124.242142751566,0.05333333333333334,150,5,0.12933333333333338,0.8425942753165848,3.517700079797656,0.0
mtd_ai,200,0.005082660306299553,0.39473684210526316,3832.403827766367,0.10666666666666667,150,5,0.12933333333333338,0.8425942753165848,3.517700079797656,0.0
mtd_ai,200,0.005082660306299553,0.45918367346938777,4195.948483851063,0.15333333333333332,150,5,0.12933333333333338,0.8425942753165848,3.517700079797656,0.0
mtd_ai,200,0.005082660306299553,0.5,4596.036237271098,0.20666666666666667,150,5,0.12933333333333338,0.8425942753165848,3.517700079797656,0.0
mtd_ai,200,0.005082660306299553,0.5,5643.904846346011,0.25333333333333335,150,5,0.12933333333333338,0.8425942753165848,3.517700079797656,0.0
mtd_ai,200,0.005058095743254316,0.3,2982.3313653095474,0.05333333333333334,150,5,0.11142857142857143,1.040219509287892,3.9199471891728255,0.0
mtd_ai,200,0.005058095743254316,0.3488372093023256,4728.70847883515,0.10666666666666667,150,5,0.11142857142857143,1.040219509287892,3.9199471891728255,0.0
mtd_ai,200,0.005058095743254316,0.35714285714285715,6934.510770029233,0.15333333333333332,150,5,0.11142857142857143,1.040219509287892,3.9199471891728255,0.0
mtd_ai,200,0.005058095743254316,0.40540540540540543,7355.137683581246,0.20666666666666667,150,5,0.11142857142857143,1.040219509287892,3.9199471891728255,0.0
mtd_ai,200,0.005058095743254316,0.44642857142857145,7800.337595659587,0.25333333333333335,150,5,0.11142857142857143,1.040219509287892,3.9199471891728255,0.0
mtd_ai,200,0.005054722451555612,0.18292682926829268,5630.0183869385,0.05333333333333334,150,5,0.1111111111111111,0.38580559874099446,1.475058187360429,0.0
mtd_ai,200,0.005054722451555612,0.26785714285714285,6547.20312141899,0.10666666666666667,150,5,0.1111111111111111,0.38580559874099446,1.475058187360429,0.0
mtd_ai,200,0.005054722451555612,0.3358208955223881,7012.7276531203415,0.15333333333333332,150,5,0.1111111111111111,0.38580559874099446,1.475058187360429,0.0
mtd_ai,200,0.005054722451555612,0.38461538461538464,7611.407952926299,0.20666666666666667,150,5,0.1111111111111111,0.38580559874099446,1.475058187360429,0.0
mtd_ai,200,0.005054722451555612,0.42613636363636365,7988.481549106237,0.25333333333333335,150,5,0.1111111111111111,0.38580559874099446,1.475058187360429,0.0
mtd_ai,200,0.005061719825371185,0.3125,2680.258581418956,0.05333333333333334,150,5,0.12166666666666667,1.2586343662114583,2.909457582363863,0.0
mtd_ai,200,0.005061719825371185,0.39473684210526316,3963.5266497351436,0.10666666666666667,150,5,0.12166666666666667,1.2586343662114583,2.909457582363863,0.0
mtd_ai,200,0.005061719825371185,0.42452830188679247,5991.156394357449,0.15333333333333332,150,5,0.12166666666666667,1.2586343662114583,2.909457582363863,0.0
mtd_ai,200,0.005061719825371185,0.4411764705882353,6758.267759115444,0.20666666666666667,150,5,0.12166666666666667,1.2586343662114583,2.909457582363863,0.0
mtd_ai,200,0.005061719825371185,0.47468354430379744,7174.394362974275,0.25333333333333335,150,5,0.12166666666666667,1.2586343662114583,2.909457582363863,0.0
mtd_ai,200,0.0050631003537221775,0.28846153846153844,3375.834568242879,0.05333333333333334,150,5,0.10444444444444445,1.2690224503349279,2.1522506096051446,0.0
mtd_ai,200,0.0050631003537221775,0.375,4354.561591415153,0.10666666666666667,150,5,0.10444444444444445,1.2690224503349279,2.1522506096051446,0.0
mtd_ai,200,0.0050631003537221775,0.4017857142857143,6010.342872053703,0.15333333333333332,150,5,0.10444444444444445,1.2690224503349279,2.1522506096051446,0.0
mtd_ai,200,0.0050631003537221775,0.44776119402985076,6524.210156434278,0.20666666666666667,150,5,0.10444444444444445,1.2690224503349279,2.1522506096051446,0.0
mtd_ai,200,0.0050631003537221775,0.46875,7128.986620696188,0.25333333333333335,150,5,0.10444444444444445,1.2690224503349279,2.1522506096051446,0.0
mtd_ai,200,0.005062487784747727,0.19736842105263158,4696.411392957392,0.05333333333333334,150,5,0.11666666666666667,0.39436770873225646,1.0674472551399308,0.0
mtd_ai,200,0.005062487784747727,0.2830188679245283,5515.515842767191,0.10666666666666667,150,5,0.11666666666666667,0.39436770873225646,1.0674472551399308,0.0
mtd_ai,200,0.005062487784747727,0.3515625,6115.873761109708,0.15333333333333332,150,5,0.11666666666666667,0.39436770873225646,1.0674472551399308,0.0
mtd_ai,200,0.005062487784747727,0.40540540540540543,6639.116655543296,0.20666666666666667,150,5,0.11666666666666667,0.39436770873225646,1.0674472551399308,0.0
mtd_ai,200,0.005062487784747727,0.436046511627907,7155.180304968441,0.25333333333333335,150,5,0.11666666666666667,0.39436770873225646,1.0674472551399308,0.0
mtd_ai,200,0.005078009359186337,0.2777777777777778,3768.1366105749885,0.05333333333333334,150,5,0.11533333333333334,3.055254792211921,3.0400657510488887,0.0
mtd_ai,200,0.005078009359186337,0.35714285714285715,4618.268022834192,0.10666666666666667,150,5,0.11533333333333334,3.055254792211921,3.0400657510488887,0.0
mtd_ai,200,0.005078009359186337,0.4326923076923077,5115.145850992623,0.15333333333333332,150,5,0.11533333333333334,3.055254792211921,3.0400657510488887,0.0
mtd_ai,200,0.005078009359186337,0.47619047619047616,5774.127199743705,0.20666666666666667,150,5,0.11533333333333334,3.055254792211921,3.0400657510488887,0.0
mtd_ai,200,0.005078009359186337,0.5208333333333334,6206.889295079927,0.25333333333333335,150,5,0.11533333333333334,3.055254792211921,3.0400657510488887,0.0
mtd_ai,200,0.005079799229595581,0.28846153846153844,2371.7059161225266,0.05333333333333334,150,5,0.2631578947368421,1.7484272968179146,5.381076798050049,0.0
mtd_ai,200,0.005079799229595581,0.375,3248.94620496425,0.10666666666666667,150,5,0.2631578947368421,1.7484272968179146,5.381076798050049,0.0
mtd_ai,200,0.005079799229595581,0.4090909090909091,4503.207180749917,0.15333333333333332,150,5,0.2631578947368421,1.7484272968179146,5.381076798050049,0.0
mtd_ai,200,0.005079799229595581,0.4411764705882353,5419.645607782489,0.20666666666666667,150,5,0.2631578947368421,1.7484272968179146,5.381076798050049,0.0
mtd_ai,200,0.005079799229595581,0.4934210526315789,5913.834859241089,0.25333333333333335,150,5,0.2631578947368421,1.7484272968179146,5.381076798050049,0.0
mtd_ai,200,0.005055968690759273,0.234375,4046.8932500726696,0.05333333333333334,150,5,0.1311111111111111,0.40703478247545904,1.6656284439929196,0.0
mtd_ai,200,0.005055968690759273,0.3191489361702128,5242.153942762907,0.10666666666666667,150,5,0.1311111111111111,0.40703478247545904,1.6656284439929196,0.0
mtd_ai,200,0.005055968690759273,0.3515625,6905.362437990618,0.15333333333333332,150,5,0.1311111111111111,0.40703478247545904,1.6656284439929196,0.0
mtd_ai,200,0.005055968690759273,0.39473684210526316,7474.690367454715,0.20666666666666667,150,5,0.1311111111111111,0.40703478247545904,1.6656284439929196,0.0
mtd_ai,200,0.005055968690759273,0.436046511627907,7889.745936085465,0.25333333333333335,150,5,0.1311111111111111,0.40703478247545904,1.6656284439929196,0.0
mtd_ai,200,0.00508787782408203,0.375,1717.6984984183152,0.05333333333333334,150,5,0.15444444444444444,0.38297128657746915,0.4771731234727874,0.0
mtd_ai,200,0.00508787782408203,0.42857142857142855,2531.948272328064,0.10666666666666667,150,5,0.15444444444444444,0.38297128657746915,0.4771731234727874,0.0
mtd_ai,200,0.00508787782408203,0.4411764705882353,3745.0980734698287,0.15333333333333332,150,5,0.15444444444444444,0.38297128657746915,0.4771731234727874,0.0
mtd_ai,200,0.00508787782408203,0.47619047619047616,4480.952707224281,0.20666666666666667,150,5,0.15444444444444444,0.38297128657746915,0.4771731234727874,0.0
mtd_ai,200,0.00508787782408203,0.5067567567567568,5120.8507317324265,0.25333333333333335,150,5,0.15444444444444444,0.38297128657746915,0.4771731234727874,0.0
mtd_ai,200,0.005096875171178198,0.4411764705882353,1973.007208104408,0.05333333333333334,150,5,0.09936507936507936,0.1360232425744275,0.5680780556588233,0.0
mtd_ai,200,0.005096875171178198,0.46875,3158.9855160727557,0.10666666666666667,150,5,0.09936507936507936,0.1360232425744275,0.5680780556588233,0.0
mtd_ai,200,0.005096875171178198,0.5232558139534884,3875.855673385823,0.15333333333333332,150,5,0.09936507936507936,0.1360232425744275,0.5680780556588233,0.0
mtd_ai,200,0.005096875171178198,0.5172413793103449,4851.401405676073,0.20666666666666667,150,5,0.09936507936507936,0.1360232425744275,0.5680780556588233,0.0
mtd_ai,200,0.005096875171178198,0.5681818181818182,5076.042745632141,0.25333333333333335,150,5,0.09936507936507936,0.1360232425744275,0.5680780556588233,0.0
mtd_ai,200,0.00508335057469724,0.2777777777777778,2933.2606572673476,0.05333333333333334,150,5,0.12,0.8798307891632635,3.778105619329762,0.0
mtd_ai,200,0.00508335057469724,0.3333333333333333,4291.301655088939,0.10666666666666667,150,5,0.12,0.8798307891632635,3.778105619329762,0.0
mtd_ai,200,0.00508335057469724,0.3879310344827586,4957.346472246685,0.15333333333333332,150,5,0.12,0.8798307891632635,3.778105619329762,0.0
mtd_ai,200,0.00508335057469724,0.45454545454545453,5301.131976464461,0.20666666666666667,150,5,0.12,0.8798307891632635,3.778105619329762,0.0
mtd_ai,200,0.00508335057469724,0.4807692307692308,5694.7455552850315,0.25333333333333335,150,5,0.12,0.8798307891632635,3.778105619329762,0.0
mtd_ai,200,0.0051145015389796,0.32608695652173914,2193.871932682397,0.05333333333333334,150,5,0.15999999999999998,1.8265504947661497,3.3650488981282063,0.0
mtd_ai,200,0.0051145015389796,0.42857142857142855,2831.5059568892702,0.10666666666666667,150,5,0.15999999999999998,1.8265504947661497,3.3650488981282063,0.0
mtd_ai,200,0.0051145015389796,0.5,3352.130198811962,0.15333333333333332,150,5,0.15999999999999998,1.8265504947661497,3.3650488981282063,0.0
mtd_ai,200,0.0051145015389796,0.5172413793103449,3921.0484263535336,0.20666666666666667,150,5,0.15999999999999998,1.8265504947661497,3.3650488981282063,0.0
mtd_ai,200,0.0051145015389796,0.5514705882352942,4359.003222221865,0.25333333333333335,150,5,0.15999999999999998,1.8265504947661497,3.3650488981282063,0.0
mtd_ai,200,0.005066119747278428,0.28846153846153844,2666.108737727389,0.05333333333333334,150,5,0.13388888888888892,0.03450534575482185,0.1435441821268687,0.0
mtd_ai,200,0.005066119747278428,0.3333333333333333,4178.889035250181,0.10666666666666667,150,5,0.13388888888888892,0.03450534575482185,0.1435441821268687,0.0
mtd_ai,200,0.005066119747278428,0.36885245901639346,5547.610866386661,0.15333333333333332,150,5,0.13388888888888892,0.03450534575482185,0.1435441821268687,0.0
mtd_ai,200,0.005066119747278428,0.39473684210526316,6514.96400903038,0.20666666666666667,150,5,0.13388888888888892,0.03450534575482185,0.1435441821268687,0.0
mtd_ai,200,0.005066119747278428,0.4411764705882353,6996.868740165566,0.25333333333333335,150,5,0.13388888888888892,0.03450534575482185,0.1435441821268687,0.0
mtd_ai,200,0.005060776552793499,0.20270270270270271,4705.868980260459,0.05333333333333334,150,5,0.132984126984127,0.8572851017864703,2.571972889467857,0.0
mtd_ai,200,0.005060776552793499,0.29411764705882354,5438.634109299608,0.10666666666666667,150,5,0.132984126984127,0.8572851017864703,2.571972889467857,0.0
mtd_ai,200,0.005060776552793499,0.35714285714285715,5881.900343271031,0.15333333333333332,150,5,0.132984126984127,0.8572851017864703,2.571972889467857,0.0
mtd_ai,200,0.005060776552793499,0.379746835443038,6732.003835798088,0.20666666666666667,150,5,0.132984126984127,0.8572851017864703,2.571972889467857,0.0
mtd_ai,200,0.005060776552793499,0.42134831460674155,7353.466602134613,0.25333333333333335,150,5,0.132984126984127,0.8572851017864703,2.571972889467857,0.0
mtd_ai,200,0.005084823462285567,0.3,2926.7664556138375,0.05333333333333334,150,5,0.16599999999999998,1.9245267912349138,0.8251927935437309,0.0
mtd_ai,200,0.005084823462285567,0.38461538461538464,3882.213477224441,0.10666666666666667,150,5,0.16599999999999998,1.9245267912349138,0.8251927935437309,0.0
mtd_ai,200,0.005084823462285567,0.4411764705882353,4489.610796600239,0.15333333333333332,150,5,0.16599999999999998,1.9245267912349138,0.8251927935437309,0.0
mtd_ai,200,0.005084823462285567,0.4918032786885246,4961.634578118682,0.20666666666666667,150,5,0.16599999999999998,1.9245267912349138,0.8251927935437309,0.0
mtd_ai,200,0.005084823462285567,0.5,5695.161400581408,0.25333333333333335,150,5,0.16599999999999998,1.9245267912349138,0.8251927935437309,0.0
mtd_ai,200,0.005057618507652006,0.20270270270270271,4752.391532412101,0.05333333333333334,150,5,0.07333333333333333,0.20620790487642984,0.6907032781945346,0.0
mtd_ai,200,0.005057618507652006,0.2777777777777778,6094.367978657507,0.10666666666666667,150,5,0.07333333333333333,0.20620790487642984,0.6907032781945346,0.0
mtd_ai,200,0.005057618507652006,0.3358208955223881,6872.878500368407,0.15333333333333332,150,5,0.07333333333333333,0.20620790487642984,0.6907032781945346,0.0
mtd_ai,200,0.005057618507652006,0.37037037037037035,7669.490413654236,0.20666666666666667,150,5,0.07333333333333333,0.20620790487642984,0.6907032781945346,0.0
mtd_ai,200,0.005057618507652006,0.42613636363636365,7917.320287268013,0.25333333333333335,150,5,0.07333333333333333,0.20620790487642984,0.6907032781945346,0.0
mtd_ai,200,0.005083889943283661,0.32608695652173914,2297.866508242986,0.05333333333333334,150,5,0.1915925925925926,2.1998336809143653,5.904626368390013,0.0
mtd_ai,200,0.005083889943283661,0.4166666666666667,3421.1312909843973,0.10666666666666667,150,5,0.1915925925925926,2.1998336809143653,5.904626368390013,0.0
mtd_ai,200,0.005083889943283661,0.4090909090909091,4669.8330908922835,0.15333333333333332,150,5,0.1915925925925926,2.1998336809143653,5.904626368390013,0.0
mtd_ai,200,0.005083889943283661,0.46153846153846156,5160.728108635221,0.20666666666666667,150,5,0.1915925925925926,2.1998336809143653,5.904626368390013,0.0
mtd_ai,200,0.005083889943283661,0.4934210526315789,5555.343347898998,0.25333333333333335,150,5,0.1915925925925926,2.1998336809143653,5.904626368390013,0.0
mtd_ai,200,0.005071655813945895,0.2777777777777778,3060.0069488010645,0.05333333333333334,150,5,0.1261111111111111,1.180374832153809,2.845245771000026,0.0
mtd_ai,200,0.005071655813945895,0.3409090909090909,4419.370613643079,0.10666666666666667,150,5,0.1261111111111111,1.180374832153809,2.845245771000026,0.0
mtd_ai,200,0.005071655813945895,0.39473684210526316,5233.011778350427,0.15333333333333332,150,5,0.1261111111111111,1.180374832153809,2.845245771000026,0.0
mtd_ai,200,0.005071655813945895,0.43478260869565216,6031.802715289107,0.20666666666666667,150,5,0.1261111111111111,1.180374832153809,2.845245771000026,0.0
mtd_ai,200,0.005071655813945895,0.46875,6364.472922232124,0.25333333333333335,150,5,0.1261111111111111,1.180374832153809,2.845245771000026,0.0
mtd_ai,200,0.005060578471161604,0.3,2473.2249418344836,0.05333333333333334,150,5,0.16666666666666666,1.2263237294502651,3.616965321905803,0.0
mtd_ai,200,0.005060578471161604,0.2830188679245283,4829.413436140976,0.10666666666666667,150,5,0.16666666666666666,1.2263237294502651,3.616965321905803,0.0
mtd_ai,200,0.005060578471161604,0.3082191780821918,5709.715857521785,0.15333333333333332,150,5,0.16666666666666666,1.2263237294502651,3.616965321905803,0.0
mtd_ai,200,0.005060578471161604,0.32967032967032966,6839.36833076734,0.20666666666666667,150,5,0.16666666666666666,1.2263237294502651,3.616965321905803,0.0
mtd_ai,200,0.005060578471161604,0.3605769230769231,7396.183241031069,0.25333333333333335,150,5,0.16666666666666666,1.2263237294502651,3.616965321905803,0.0
mtd_ai,200,0.005073716992978555,0.22058823529411764,4287.497092241021,0.05333333333333334,150,5,0.11,1.2497970377975476,1.6498282324532747,0.0
mtd_ai,200,0.005073716992978555,0.32608695652173914,4995.895296492854,0.10666666666666667,150,5,0.11,1.2497970377975476,1.6498282324532747,0.0
mtd_ai,200,0.005073716992978555,0.4090909090909091,5375.052636287026,0.15333333333333332,150,5,0.11,1.2497970377975476,1.6498282324532747,0.0
mtd_ai,200,0.005073716992978555,0.42857142857142855,6060.393789692057,0.20666666666666667,150,5,0.11,1.2497970377975476,1.6498282324532747,0.0
mtd_ai,200,0.005073716992978555,0.47468354430379744,6467.4887735327075,0.25333333333333335,150,5,0.11,1.2497970377975476,1.6498282324532747,0.0
mtd_ai,200,0.005081847722862459,0.4166666666666667,1415.1181302899745,0.05333333333333334,150,5,0.11222222222222224,0.06982604830715157,0.24755646861244548,0.0
mtd_ai,200,0.005081847722862459,0.38461538461538464,3368.6798650306405,0.10666666666666667,150,5,0.11222222222222224,0.06982604830715157,0.24755646861244548,0.0
mtd_ai,200,0.005081847722862459,0.4166666666666667,4503.322984496102,0.15333333333333332,150,5,0.11222222222222224,0.06982604830715157,0.24755646861244548,0.0
mtd_ai,200,0.005081847722862459,0.43478260869565216,5454.145286661353,0.20666666666666667,150,5,0.11222222222222224,0.06982604830715157,0.24755646861244548,0.0
mtd_ai,200,0.005081847722862459,0.4573170731707317,5858.068866975269,0.25333333333333335,150,5,0.11222222222222224,0.06982604830715157,0.24755646861244548,0.0
mtd_ai,200,0.005058740864040947,0.375,2148.5807932611324,0.05333333333333334,150,5,0.17647058823529413,0.02195810016544037,0.05190735925111347,0.0
mtd_ai,200,0.005058740864040947,0.2777777777777778,6207.871373351354,0.10666666666666667,150,5,0.17647058823529413,0.02195810016544037,0.05190735925111347,0.0
mtd_ai,200,0.005058740864040947,0.34615384615384615,6875.654169962894,0.15333333333333332,150,5,0.17647058823529413,0.02195810016544037,0.05190735925111347,0.0
mtd_ai,200,0.005058740864040947,0.4,7289.451309769217,0.20666666666666667,150,5,0.17647058823529413,0.02195810016544037,0.05190735925111347,0.0
mtd_ai,200,0.005058740864040947,0.42613636363636365,7863.453605606056,0.25333333333333335,150,5,0.17647058823529413,0.02195810016544037,0.05190735925111347,0.0
mtd_ai,200,0.0050590905785779915,0.375,1510.7334013082532,0.05333333333333334,150,5,0.18181818181818182,0.43349967461705835,1.1719610281952757,0.0
mtd_ai,200,0.0050590905785779915,0.35714285714285715,4159.655672678947,0.10666666666666667,150,5,0.18181818181818182,0.43349967461705835,1.1719610281952757,0.0
mtd_ai,200,0.0050590905785779915,0.35714285714285715,6594.6432824171425,0.15333333333333332,150,5,0.18181818181818182,0.43349967461705835,1.1719610281952757,0.0
mtd_ai,200,0.0050590905785779915,0.4,7104.3010005522265,0.20666666666666667,150,5,0.18181818181818182,0.43349967461705835,1.1719610281952757,0.0
mtd_ai,200,0.0050590905785779915,0.4411764705882353,7595.058773236227,0.25333333333333335,150,5,0.18181818181818182,0.43349967461705835,1.1719610281952757,0.0
mtd_ai,200,0.005089550116434389,0.3409090909090909,2132.8660549088668,0.05333333333333334,150,5,0.11333333333333333,6.697874947420292,6.365554650119171,0.0
mtd_ai,200,0.005089550116434389,0.42857142857142855,3083.4101503391566,0.10666666666666667,150,5,0.11333333333333333,6.697874947420292,6.365554650119171,0.0
mtd_ai,200,0.005089550116434389,0.5,3864.2654247233413,0.15333333333333332,150,5,0.11333333333333333,6.697874947420292,6.365554650119171,0.0
mtd_ai,200,0.005089550116434389,0.5172413793103449,4822.722740338899,0.20666666666666667,150,5,0.11333333333333333,6.697874947420292,6.365554650119171,0.0
mtd_ai,200,0.005089550116434389,0.528169014084507,5351.543248967335,0.25333333333333335,150,5,0.11333333333333333,6.697874947420292,6.365554650119171,0.0
mtd_ai,200,0.005072269867633599,0.234375,3354.04179446799,0.05333333333333334,150,5,0.12833333333333333,3.6733089048732017,3.562983871418938,0.0
mtd_ai,200,0.005072269867633599,0.30612244897959184,4452.8394857442745,0.10666666666666667,150,5,0.12833333333333333,3.6733089048732017,3.562983871418938,0.0
mtd_ai,200,0.005072269867633599,0.34615384615384615,5466.597855111813,0.15333333333333332,150,5,0.12833333333333333,3.6733089048732017,3.562983871418938,0.0
mtd_ai,200,0.005072269867633599,0.38961038961038963,5854.985989593664,0.20666666666666667,150,5,0.12833333333333333,3.6733089048732017,3.562983871418938,0.0
mtd_ai,200,0.005072269867633599,0.43103448275862066,6591.56095926415,0.25333333333333335,150,5,0.12833333333333333,3.6733089048732017,3.562983871418938,0.0
mtd_ai,200,0.0050636629319109295,0.375,1720.7851799758057,0.05333333333333334,150,5,0.11,0.59421163949324,2.284442346738061,0.0
mtd_ai,200,0.0050636629319109295,0.28846153846153844,5665.666077589962,0.10666666666666667,150,5,0.11,0.59421163949324,2.284442346738061,0.0
mtd_ai,200,0.0050636629319109295,0.35714285714285715,6101.833626655525,0.15333333333333332,150,5,0.11,0.59421163949324,2.284442346738061,0.0
mtd_ai,200,0.0050636629319109295,0.4,6669.446456278591,0.20666666666666667,150,5,0.11,0.59421163949324,2.284442346738061,0.0
mtd_ai,200,0.0050636629319109295,0.436046511627907,7235.955651265582,0.25333333333333335,150,5,0.11,0.59421163949324,2.284442346738061,0.0
mtd_ai,200,0.005082895313658944,0.39473684210526316,1400.899315812808,0.05333333333333334,150,5,0.11166666666666666,0.8012638719180813,0.7417260539591151,0.0
mtd_ai,200,0.005082895313658944,0.35714285714285715,3573.2916351793556,0.10666666666666667,150,5,0.11166666666666666,0.8012638719180813,0.7417260539591151,0.0
mtd_ai,200,0.005082895313658944,0.4090909090909091,4069.7279824967245,0.15333333333333332,150,5,0.11166666666666666,0.8012638719180813,0.7417260539591151,0.0
mtd_ai,200,0.005082895313658944,0.42857142857142855,5265.332793204765,0.20666666666666667,150,5,0.11166666666666666,0.8012638719180813,0.7417260539591151,0.0
mtd_ai,200,0.005082895313658944,0.46296296296296297,5760.507689059066,0.25333333333333335,150,5,0.11166666666666666,0.8012638719180813,0.7417260539591151,0.0
mtd_ai,200,0.005072196808066004,0.3,2683.369335326206,0.05333333333333334,150,5,0.11,0.05616264257888727,0.08823362105597188,0.0
mtd_ai,200,0.005072196808066004,0.36585365853658536,3692.311424920851,0.10666666666666667,150,5,0.11,0.05616264257888727,0.08823362105597188,0.0
mtd_ai,200,0.005072196808066004,0.42452830188679247,4536.371209022704,0.15333333333333332,150,5,0.11,0.05616264257888727,0.08823362105597188,0.0
mtd_ai,200,0.005072196808066004,0.4,6252.513123057523,0.20666666666666667,150,5,0.11,0.05616264257888727,0.08823362105597188,0.0
mtd_ai,200,0.005072196808066004,0.436046511627907,6804.55388063759,0.25333333333333335,150,5,0.11,0.05616264257888727,0.08823362105597188,0.0
mtd_ai,200,0.005067627600920579,0.24193548387096775,3601.2147924315386,0.05333333333333334,150,5,0.14777777777777779,1.6453995182343686,1.7302611109835713,0.0
mtd_ai,200,0.005067627600920579,0.32608695652173914,4777.63000366145,0.10666666666666667,150,5,0.14777777777777779,1.6453995182343686,1.7302611109835713,0.0
mtd_ai,200,0.005067627600920579,0.3879310344827586,5582.213845169468,0.15333333333333332,150,5,0.14777777777777779,1.6453995182343686,1.7302611109835713,0.0
mtd_ai,200,0.005067627600920579,0.43478260869565216,5963.9893880645905,0.20666666666666667,150,5,0.14777777777777779,1.6453995182343686,1.7302611109835713,0.0
mtd_ai,200,0.005067627600920579,0.4411764705882353,7035.513392969753,0.25333333333333335,150,5,0.14777777777777779,1.6453995182343686,1.7302611109835713,0.0
mtd_ai,200,0.005082869030059105,0.375,1872.4594364506484,0.05333333333333334,150,5,0.21875,3.0132547671111096,6.568850778439804,0.0
mtd_ai,200,0.005082869030059105,0.36585365853658536,3944.7242647656326,0.10666666666666667,150,5,0.21875,3.0132547671111096,6.568850778439804,0.0
mtd_ai,200,0.005082869030059105,0.45,4284.306742259865,0.15333333333333332,150,5,0.21875,3.0132547671111096,6.568850778439804,0.0
mtd_ai,200,0.005082869030059105,0.4918032786885246,5084.595955160585,0.20666666666666667,150,5,0.21875,3.0132547671111096,6.568850778439804,0.0
mtd_ai,200,0.005082869030059105,0.5434782608695652,5400.129524038643,0.25333333333333335,150,5,0.21875,3.0132547671111096,6.568850778439804,0.0
mtd_ai,200,0.005101275669188868,0.375,1972.1644676834178,0.05333333333333334,150,5,0.16444444444444442,0.37416783733608555,1.678868794152935,0.0
mtd_ai,200,0.005101275669188868,0.42857142857142855,2952.8331450903115,0.10666666666666667,150,5,0.16444444444444442,0.37416783733608555,1.678868794152935,0.0
mtd_ai,200,0.005101275669188868,0.5232558139534884,3357.0997930096055,0.15333333333333332,150,5,0.16444444444444442,0.37416783733608555,1.678868794152935,0.0
mtd_ai,200,0.005101275669188868,0.5357142857142857,3991.4831423694322,0.20666666666666667,150,5,0.16444444444444442,0.37416783733608555,1.678868794152935,0.0
mtd_ai,200,0.005101275669188868,0.5597014925373134,4653.524082522523,0.25333333333333335,150,5,0.16444444444444442,0.37416783733608555,1.678868794152935,0.0
mtd_ai,200,0.005070987280035216,0.4166666666666667,1709.773463037181,0.05333333333333334,150,5,0.09533333333333334,0.5218078158402603,2.303951300572146,0.0
mtd_ai,200,0.005070987280035216,0.35714285714285715,4680.680508765595,0.10666666666666667,150,5,0.09533333333333334,0.5218078158402603,2.303951300572146,0.0
mtd_ai,200,0.005070987280035216,0.4326923076923077,5272.84954178114,0.15333333333333332,150,5,0.09533333333333334,0.5218078158402603,2.303951300572146,0.0
mtd_ai,200,0.005070987280035216,0.47619047619047616,5967.151605664292,0.20666666666666667,150,5,0.09533333333333334,0.5218078158402603,2.303951300572146,0.0
mtd_ai,200,0.005070987280035216,0.5,6776.642459009006,0.25333333333333335,150,5,0.09533333333333334,0.5218078158402603,2.303951300572146,0.0
mtd_ai,200,0.005067152188421103,0.35714285714285715,1781.6810584550387,0.05333333333333334,150,5,0.14555555555555555,3.0140276959783203,6.627579239937898,0.0
mtd_ai,200,0.005067152188421103,0.38461538461538464,3690.1154375402175,0.10666666666666667,150,5,0.14555555555555555,3.0140276959783203,6.627579239937898,0.0
mtd_ai,200,0.005067152188421103,0.4411764705882353,4467.444891409078,0.15333333333333332,150,5,0.14555555555555555,3.0140276959783203,6.627579239937898,0.0
mtd_ai,200,0.005067152188421103,0.43478260869565216,6149.730199288106,0.20666666666666667,150,5,0.14555555555555555,3.0140276959783203,6.627579239937898,0.0
mtd_ai,200,0.005067152188421103,0.4573170731707317,6962.466766351636,0.25333333333333335,150,5,0.14555555555555555,3.0140276959783203,6.627579239937898,0.0
mtd_ai,200,0.00507823472856529,0.32608695652173914,1807.5550592778864,0.05333333333333334,150,5,0.12,1.24289491061025,3.0068327255396317,0.0
mtd_ai,200,0.00507823472856529,0.42857142857142855,2782.404636096715,0.10666666666666667,150,5,0.12,1.24289491061025,3.0068327255396317,0.0
mtd_ai,200,0.00507823472856529,0.4787234042553192,3699.2272697727876,0.15333333333333332,150,5,0.12,1.24289491061025,3.0068327255396317,0.0
mtd_ai,200,0.00507823472856529,0.4838709677419355,4620.22221697086,0.20666666666666667,150,5,0.12,1.24289491061025,3.0068327255396317,0.0
mtd_ai,200,0.00507823472856529,0.4807692307692308,5781.848803710257,0.25333333333333335,150,5,0.12,1.24289491061025,3.0068327255396317,0.0
mtd_ai,200,0.005092601709987356,0.375,1914.4880400540253,0.05333333333333334,150,5,0.1411111111111111,0.010608647805421903,0.04097348839475288,0.0
mtd_ai,200,0.005092601709987356,0.46875,2713.5607406779727,0.10666666666666667,150,5,0.1411111111111111,0.010608647805421903,0.04097348839475288,0.0
mtd_ai,200,0.005092601709987356,0.5232558139534884,3507.071163726347,0.15333333333333332,150,5,0.1411111111111111,0.010608647805421903,0.04097348839475288,0.0
mtd_ai,200,0.005092601709987356,0.5357142857142857,4604.165976016218,0.20666666666666667,150,5,0.1411111111111111,0.010608647805421903,0.04097348839475288,0.0
mtd_ai,200,0.005092601709987356,0.5859375,5065.885568849955,0.25333333333333335,150,5,0.1411111111111111,0.010608647805421903,0.04097348839475288,0.0
mtd_ai,200,0.005086216457866631,0.3,1996.0045133389112,0.05333333333333334,150,5,0.10444444444444444,0.28074202140066357,0.4026744408918324,0.0
mtd_ai,200,0.005086216457866631,0.375,3019.994841474566,0.10666666666666667,150,5,0.10444444444444444,0.28074202140066357,0.4026744408918324,0.0
mtd_ai,200,0.005086216457866631,0.45918367346938777,3557.9922046685037,0.15333333333333332,150,5,0.10444444444444444,0.28074202140066357,0.4026744408918324,0.0
mtd_ai,200,0.005086216457866631,0.44776119402985076,5183.93556799177,0.20666666666666667,150,5,0.10444444444444444,0.28074202140066357,0.4026744408918324,0.0
mtd_ai,200,0.005086216457866631,0.4807692307692308,5726.514671870347,0.25333333333333335,150,5,0.10444444444444444,0.28074202140066357,0.4026744408918324,0.0
mtd_ai,200,0.005065986803016138,0.4166666666666667,1587.3619269547212,0.05333333333333334,150,5,0.14,0.30033546780649034,1.0036452018649182,0.0
mtd_ai,200,0.005065986803016138,0.29411764705882354,5555.764245491049,0.10666666666666667,150,5,0.14,0.30033546780649034,1.0036452018649182,0.0
mtd_ai,200,0.005065986803016138,0.36885245901639346,6095.771482360487,0.15333333333333332,150,5,0.14,0.30033546780649034,1.0036452018649182,0.0
mtd_ai,200,0.005065986803016138,0.410958904109589,6764.455685107112,0.20666666666666667,150,5,0.14,0.30033546780649034,1.0036452018649182,0.0
mtd_ai,200,0.005065986803016138,0.46875,7046.870243092522,0.25333333333333335,150,5,0.14,0.30033546780649034,1.0036452018649182,0.0
mtd_ai,200,0.005068005090419527,0.3409090909090909,2058.7724091181553,0.05333333333333334,150,5,0.12866666666666668,1.1263238027269322,2.997006570761915,0.0
mtd_ai,200,0.005068005090419527,0.4166666666666667,3016.2154726029485,0.10666666666666667,150,5,0.12866666666666668,1.1263238027269322,2.997006570761915,0.0
mtd_ai,200,0.005068005090419527,0.4166666666666667,4776.015442356939,0.15333333333333332,150,5,0.12866666666666668,1.1263238027269322,2.997006570761915,0.0
mtd_ai,200,0.005068005090419527,0.4411764705882353,5605.52501618842,0.20666666666666667,150,5,0.12866666666666668,1.1263238027269322,2.997006570761915,0.0
mtd_ai,200,0.005068005090419527,0.46296296296296297,6798.818476283943,0.25333333333333335,150,5,0.12866666666666668,1.1263238027269322,2.997006570761915,0.0
mtd_ai,200,0.0051045197733266745,0.3125,2111.579500829601,0.05333333333333334,150,5,0.12222222222222222,0.3431718100610846,1.400007667493681,0.0
mtd_ai,200,0.0051045197733266745,0.40540540540540543,3004.92684475883,0.10666666666666667,150,5,0.12222222222222222,0.3431718100610846,1.400007667493681,0.0
mtd_ai,200,0.0051045197733266745,0.4891304347826087,3489.4378633611614,0.15333333333333332,150,5,0.12222222222222222,0.3431718100610846,1.400007667493681,0.0
mtd_ai,200,0.0051045197733266745,0.5084745762711864,4299.409830865169,0.20666666666666667,150,5,0.12222222222222222,0.3431718100610846,1.400007667493681,0.0
mtd_ai,200,0.0051045197733266745,0.5357142857142857,4718.517676692593,0.25333333333333335,150,5,0.12222222222222222,0.3431718100610846,1.400007667493681,0.0
mtd_ai,200,0.005062786281824209,0.20270270270270271,4990.545469009336,0.05333333333333334,150,5,0.08,1.059580703396468,0.8809213264796153,0.0
mtd_ai,200,0.005062786281824209,0.29411764705882354,5882.682660232601,0.10666666666666667,150,5,0.08,1.059580703396468,0.8809213264796153,0.0
mtd_ai,200,0.005062786281824209,0.34615384615384615,6730.643450384486,0.15333333333333332,150,5,0.08,1.059580703396468,0.8809213264796153,0.0
mtd_ai,200,0.005062786281824209,0.4,7303.437847170178,0.20666666666666667,150,5,0.08,1.059580703396468,0.8809213264796153,0.0
mtd_ai,200,0.005062786281824209,0.4573170731707317,7533.091575533324,0.25333333333333335,150,5,0.08,1.059580703396468,0.8809213264796153,0.0
mtd_ai,200,0.005084888658369611,0.3409090909090909,2270.254102183134,0.05333333333333334,150,5,0.12888888888888891,0.16252107871376245,0.26234471292809447,0.0
mtd_ai,200,0.005084888658369611,0.4166666666666667,3454.3612190240656,0.10666666666666667,150,5,0.12888888888888891,0.16252107871376245,0.26234471292809447,0.0
mtd_ai,200,0.005084888658369611,0.46875,4255.848398057554,0.15333333333333332,150,5,0.12888888888888891,0.16252107871376245,0.26234471292809447,0.0
mtd_ai,200,0.005084888658369611,0.4838709677419355,5170.578331806655,0.20666666666666667,150,5,0.12888888888888891,0.16252107871376245,0.26234471292809447,0.0
mtd_ai,200,0.005084888658369611,0.5208333333333334,5592.4667035268085,0.25333333333333335,150,5,0.12888888888888891,0.16252107871376245,0.26234471292809447,0.0
mtd_ai,200,0.0050669896557123,0.3125,2826.1211342870174,0.05333333333333334,150,5,0.14400000000000002,5.815684751485749,7.679779032337631,0.0
mtd_ai,200,0.0050669896557123,0.36585365853658536,3813.9107805488957,0.10666666666666667,150,5,0.14400000000000002,5.815684751485749,7.679779032337631,0.0
mtd_ai,200,0.0050669896557123,0.42452830188679247,4386.392325697279,0.15333333333333332,150,5,0.14400000000000002,5.815684751485749,7.679779032337631,0.0
mtd_ai,200,0.0050669896557123,0.43478260869565216,5081.99189215324,0.20666666666666667,150,5,0.14400000000000002,5.815684751485749,7.679779032337631,0.0
mtd_ai,200,0.0050669896557123,0.43103448275862066,6687.2178678806595,0.25333333333333335,150,5,0.14400000000000002,5.815684751485749,7.679779032337631,0.0
mtd_ai,200,0.005071785053019044,0.25,3318.103511363869,0.05333333333333334,150,5,0.12333333333333334,0.753563405101252,3.11209608870884,0.0
mtd_ai,200,0.005071785053019044,0.32608695652173914,4213.430489896997,0.10666666666666667,150,5,0.12333333333333334,0.753563405101252,3.11209608870884,0.0
mtd_ai,200,0.005071785053019044,0.3813559322033898,5362.212781295192,0.15333333333333332,150,5,0.12333333333333334,0.753563405101252,3.11209608870884,0.0
mtd_ai,200,0.005071785053019044,0.4166666666666667,5877.924162372906,0.20666666666666667,150,5,0.12333333333333334,0.753563405101252,3.11209608870884,0.0
mtd_ai,200,0.005071785053019044,0.4573170731707317,6350.531242690272,0.25333333333333335,150,5,0.12333333333333334,0.753563405101252,3.11209608870884,0.0
mtd_ai,200,0.005060273794916536,0.28846153846153844,2798.7743989171295,0.05333333333333334,150,5,0.13355555555555554,0.7985145130387084,3.5698416826292223,0.0
mtd_ai,200,0.005060273794916536,0.2777777777777778,6311.261638788928,0.10666666666666667,150,5,0.13355555555555554,0.7985145130387084,3.5698416826292223,0.0
mtd_ai,200,0.005060273794916536,0.34615384615384615,6696.1691497554,0.15333333333333332,150,5,0.13355555555555554,0.7985145130387084,3.5698416826292223,0.0
mtd_ai,200,0.005060273794916536,0.39473684210526316,7064.435466012394,0.20666666666666667,150,5,0.13355555555555554,0.7985145130387084,3.5698416826292223,0.0
mtd_ai,200,0.005060273794916536,0.4411764705882353,7511.474739767618,0.25333333333333335,150,5,0.13355555555555554,0.7985145130387084,3.5698416826292223,0.0
mtd_ai,200,0.005086507868404616,0.375,1936.3428152412307,0.05333333333333334,150,5,0.15185185185185185,0.7129896152662337,2.955898124387844,0.0
mtd_ai,200,0.005086507868404616,0.38461538461538464,3952.6317195712427,0.10666666666666667,150,5,0.15185185185185185,0.7129896152662337,2.955898124387844,0.0
mtd_ai,200,0.005086507868404616,0.46875,4388.355313536095,0.15333333333333332,150,5,0.15185185185185185,0.7129896152662337,2.955898124387844,0.0
mtd_ai,200,0.005086507868404616,0.5,5030.861159306314,0.20666666666666667,150,5,0.15185185185185185,0.7129896152662337,2.955898124387844,0.0
mtd_ai,200,0.005086507868404616,0.5434782608695652,5438.820165536594,0.25333333333333335,150,5,0.15185185185185185,0.7129896152662337,2.955898124387844,0.0
mtd_ai,200,0.005065326496281682,0.5357142857142857,1020.4222100406897,0.05333333333333334,150,5,0.115,0.008499868441177534,0.03629898160415822,0.0
mtd_ai,200,0.005065326496281682,0.5,2729.784991674517,0.10666666666666667,150,5,0.115,0.008499868441177534,0.03629898160415822,0.0
mtd_ai,200,0.005065326496281682,0.4166666666666667,5606.269193269768,0.15333333333333332,150,5,0.115,0.008499868441177534,0.03629898160415822,0.0
mtd_ai,200,0.005065326496281682,0.44776119402985076,6572.568691376719,0.20666666666666667,150,5,0.115,0.008499868441177534,0.03629898160415822,0.0
mtd_ai,200,0.005065326496281682,0.4934210526315789,6858.143446153217,0.25333333333333335,150,5,0.115,0.008499868441177534,0.03629898160415822,0.0
mtd_ai,200,0.0050795090312875865,0.3,2433.7464539280927,0.05333333333333334,150,5,0.19177777777777777,0.7813166701392525,0.4688482244189712,0.0
mtd_ai,200,0.0050795090312875865,0.3409090909090909,4123.340837835291,0.10666666666666667,150,5,0.19177777777777777,0.7813166701392525,0.4688482244189712,0.0
mtd_ai,200,0.0050795090312875865,0.3813559322033898,5040.235447448441,0.15333333333333332,150,5,0.19177777777777777,0.7813166701392525,0.4688482244189712,0.0
mtd_ai,200,0.0050795090312875865,0.43478260869565216,5394.535675404099,0.20666666666666667,150,5,0.19177777777777777,0.7813166701392525,0.4688482244189712,0.0
mtd_ai,200,0.0050795090312875865,0.487012987012987,5743.779474173589,0.25333333333333335,150,5,0.19177777777777777,0.7813166701392525,0.4688482244189712,0.0
mtd_ai,200,0.0050764093391653005,0.3,2911.427045233767,0.05333333333333334,150,5,0.125,0.5290962919205757,1.726536203136523,0.0
mtd_ai,200,0.0050764093391653005,0.375,4032.1394857619603,0.10666666666666667,150,5,0.125,0.5290962919205757,1.726536203136523,0.0
mtd_ai,200,0.0050764093391653005,0.4166666666666667,5026.470140663838,0.15333333333333332,150,5,0.125,0.5290962919205757,1.726536203136523,0.0
mtd_ai,200,0.0050764093391653005,0.46875,5568.921480354451,0.20666666666666667,150,5,0.125,0.5290962919205757,1.726536203136523,0.0
mtd_ai,200,0.0050764093391653005,0.47468354430379744,6252.346029866449,0.25333333333333335,150,5,0.125,0.5290962919205757,1.726536203136523,0.0
mtd_ai,200,0.005094208760809162,0.375,1942.8732821142305,0.05333333333333334,150,5,0.16844444444444442,0.06953081146926966,0.27083291471068177,0.0
mtd_ai,200,0.005094208760809162,0.45454545454545453,2607.5269226166847,0.10666666666666667,150,5,0.16844444444444442,0.06953081146926966,0.27083291471068177,0.0
mtd_ai,200,0.005094208760809162,0.4326923076923077,3896.9108777484216,0.15333333333333332,150,5,0.16844444444444442,0.06953081146926966,0.27083291471068177,0.0
mtd_ai,200,0.005094208760809162,0.46875,4347.568862343394,0.20666666666666667,150,5,0.16844444444444442,0.06953081146926966,0.27083291471068177,0.0
mtd_ai,200,0.005094208760809162,0.5067567567567568,4850.193483300398,0.25333333333333335,150,5,0.16844444444444442,0.06953081146926966,0.27083291471068177,0.0
mtd_ai,200,0.005055788384690203,0.2777777777777778,1985.2773316123078,0.05333333333333334,150,5,0.1033333333333333,0.41028135790581727,1.4562106879583199,0.0
mtd_ai,200,0.005055788384690203,0.3125,4464.6394916415975,0.10666666666666667,150,5,0.1033333333333333,0.41028135790581727,1.4562106879583199,0.0
mtd_ai,200,0.005055788384690203,0.33088235294117646,6646.402551129613,0.15333333333333332,150,5,0.1033333333333333,0.41028135790581727,1.4562106879583199,0.0
mtd_ai,200,0.005055788384690203,0.38461538461538464,7123.717392214219,0.20666666666666667,150,5,0.1033333333333333,0.41028135790581727,1.4562106879583199,0.0
mtd_ai,200,0.005055788384690203,0.42134831460674155,7867.992106534356,0.25333333333333335,150,5,0.1033333333333333,0.41028135790581727,1.4562106879583199,0.0
mtd_ai,200,0.005064976406715426,0.25,3283.2540580749437,0.05333333333333334,150,5,0.101,0.39654041681588165,1.2997848933959502,0.0
mtd_ai,200,0.005064976406715426,0.3333333333333333,4271.281319204989,0.10666666666666667,150,5,0.101,0.39654041681588165,1.2997848933959502,0.0
mtd_ai,200,0.005064976406715426,0.3879310344827586,4980.311848666586,0.15333333333333332,150,5,0.101,0.39654041681588165,1.2997848933959502,0.0
mtd_ai,200,0.005064976406715426,0.39473684210526316,5993.337687641329,0.20666666666666667,150,5,0.101,0.39654041681588165,1.2997848933959502,0.0
mtd_ai,200,0.005064976406715426,0.42134831460674155,6962.163398219673,0.25333333333333335,150,5,0.101,0.39654041681588165,1.2997848933959502,0.0
mtd_ai,200,0.005061043442381174,0.25862068965517243,3607.359328638159,0.05333333333333334,150,5,0.1161111111111111,1.1178225800274753,1.9471476308722349,0.0
mtd_ai,200,0.005061043442381174,0.3191489361702128,5188.044302660868,0.10666666666666667,150,5,0.1161111111111111,1.1178225800274753,1.9471476308722349,0.0
mtd_ai,200,0.005061043442381174,0.36885245901639346,5820.8921413902735,0.15333333333333332,150,5,0.1161111111111111,1.1178225800274753,1.9471476308722349,0.0
mtd_ai,200,0.005061043442381174,0.37037037037037035,7093.106695150637,0.20666666666666667,150,5,0.1161111111111111,1.1178225800274753,1.9471476308722349,0.0
mtd_ai,200,0.005061043442381174,0.39473684210526316,7733.19497019351,0.25333333333333335,150,5,0.1161111111111111,1.1178225800274753,1.9471476308722349,0.0
mtd_ai,200,0.005105908263577372,0.4166666666666667,1723.4315792737586,0.05333333333333334,150,5,0.1977777777777778,1.8462740844493526,5.342012424864486,0.0
mtd_ai,200,0.005105908263577372,0.5172413793103449,2629.795572360529,0.10666666666666667,150,5,0.1977777777777778,1.8462740844493526,5.342012424864486,0.0
mtd_ai,200,0.005105908263577372,0.5487804878048781,3265.0867021013783,0.15333333333333332,150,5,0.1977777777777778,1.8462740844493526,5.342012424864486,0.0
mtd_ai,200,0.005105908263577372,0.5555555555555556,4013.8631454946594,0.20666666666666667,150,5,0.1977777777777778,1.8462740844493526,5.342012424864486,0.0
mtd_ai,200,0.005105908263577372,0.6048387096774194,4628.982358153008,0.25333333333333335,150,5,0.1977777777777778,1.8462740844493526,5.342012424864486,0.0
mtd_ai,200,0.005097200470751936,0.39473684210526316,1735.408847236081,0.05333333333333334,150,5,0.09090909090909091,0.61298528264962,2.729070841364068,0.0
mtd_ai,200,0.005097200470751936,0.42857142857142855,2923.883357936892,0.10666666666666667,150,5,0.09090909090909091,0.61298528264962,2.729070841364068,0.0
mtd_ai,200,0.005097200470751936,0.5113636363636364,3357.96558442937,0.15333333333333332,150,5,0.09090909090909091,0.61298528264962,2.729070841364068,0.0
mtd_ai,200,0.005097200470751936,0.5,4460.08538584495,0.20666666666666667,150,5,0.09090909090909091,0.61298528264962,2.729070841364068,0.0
mtd_ai,200,0.005097200470751936,0.528169014084507,5146.937289762286,0.25333333333333335,150,5,0.09090909090909091,0.61298528264962,2.729070841364068,0.0
mtd_ai,200,0.005086072431273743,0.5,1590.5350546879404,0.05333333333333334,150,5,0.14,1.1319581176197409,2.661948088529211,0.0
mtd_ai,200,0.005086072431273743,0.5,2522.10651979732,0.10666666666666667,150,5,0.14,1.1319581176197409,2.661948088529211,0.0
mtd_ai,200,0.005086072431273743,0.5487804878048781,3231.0091757906675,0.15333333333333332,150,5,0.14,1.1319581176197409,2.661948088529211,0.0
mtd_ai,200,0.005086072431273743,0.5172413793103449,3916.026385748261,0.20666666666666667,150,5,0.14,1.1319581176197409,2.661948088529211,0.0
mtd_ai,200,0.005086072431273743,0.5136986301369864,5430.948091296055,0.25333333333333335,150,5,0.14,1.1319581176197409,2.661948088529211,0.0
mtd_ai,200,0.005082269549027483,0.32608695652173914,2209.749318090776,0.05333333333333334,150,5,0.09277777777777778,0.4021644399459254,1.7981467924146484,0.0
mtd_ai,200,0.005082269549027483,0.35714285714285715,4091.5072795761416,0.10666666666666667,150,5,0.09277777777777778,0.4021644399459254,1.7981467924146484,0.0
mtd_ai,200,0.005082269549027483,0.45,4402.936568536817,0.15333333333333332,150,5,0.09277777777777778,0.4021644399459254,1.7981467924146484,0.0
mtd_ai,200,0.005082269549027483,0.4838709677419355,5191.912542886663,0.20666666666666667,150,5,0.09277777777777778,0.4021644399459254,1.7981467924146484,0.0
mtd_ai,200,0.005082269549027483,0.5067567567567568,5723.298843839207,0.25333333333333335,150,5,0.09277777777777778,0.4021644399459254,1.7981467924146484,0.0
mtd_ai,200,0.005065678181368078,0.234375,4256.015831812243,0.05333333333333334,150,5,0.1597777777777778,0.7642177970840743,3.406082819561316,0.0
mtd_ai,200,0.005065678181368078,0.3333333333333333,5078.955750955848,0.10666666666666667,150,5,0.1597777777777778,0.7642177970840743,3.406082819561316,0.0
mtd_ai,200,0.005065678181368078,0.3813559322033898,5693.140001723259,0.15333333333333332,150,5,0.1597777777777778,0.7642177970840743,3.406082819561316,0.0
mtd_ai,200,0.005065678181368078,0.38961038961038963,6460.881734573567,0.20666666666666667,150,5,0.1597777777777778,0.7642177970840743,3.406082819561316,0.0
mtd_ai,200,0.005065678181368078,0.436046511627907,6916.717127515883,0.25333333333333335,150,5,0.1597777777777778,0.7642177970840743,3.406082819561316,0.0
mtd_ai,200,0.005077367895890969,0.32608695652173914,2396.321497807542,0.05333333333333334,150,5,0.0625,0.6091155534411198,1.6147441210578257,0.0
mtd_ai,200,0.005077367895890969,0.375,3965.4224115118104,0.10666666666666667,150,5,0.0625,0.6091155534411198,1.6147441210578257,0.0
mtd_ai,200,0.005077367895890969,0.42452830188679247,4693.043585280933,0.15333333333333332,150,5,0.0625,0.6091155534411198,1.6147441210578257,0.0
mtd_ai,200,0.005077367895890969,0.44776119402985076,5447.638358227508,0.20666666666666667,150,5,0.0625,0.6091155534411198,1.6147441210578257,0.0
mtd_ai,200,0.005077367895890969,0.4807692307692308,5884.494887786217,0.25333333333333335,150,5,0.0625,0.6091155534411198,1.6147441210578257,0.0
mtd_ai,200,0.0050672697437505595,0.20270270270270271,4612.802578426896,0.05333333333333334,150,5,0.12866666666666668,0.5651638885688682,2.420489321291382,0.0
mtd_ai,200,0.0050672697437505595,0.2777777777777778,5324.3570634456855,0.10666666666666667,150,5,0.12866666666666668,0.5651638885688682,2.420489321291382,0.0
mtd_ai,200,0.0050672697437505595,0.3125,6178.53571060764,0.15333333333333332,150,5,0.12866666666666668,0.5651638885688682,2.420489321291382,0.0
mtd_ai,200,0.0050672697437505595,0.35714285714285715,6550.952742889111,0.20666666666666667,150,5,0.12866666666666668,0.5651638885688682,2.420489321291382,0.0
mtd_ai,200,0.0050672697437505595,0.4076086956521739,6952.602450663524,0.25333333333333335,150,5,0.12866666666666668,0.5651638885688682,2.420489321291382,0.0
mtd_ai,200,0.00506538289232174,0.26785714285714285,3215.0953372034414,0.05333333333333334,150,5,0.16363636363636364,0.2964864166838552,1.3296094473573064,0.0
mtd_ai,200,0.00506538289232174,0.36585365853658536,3987.3297012041976,0.10666666666666667,150,5,0.16363636363636364,0.2964864166838552,1.3296094473573064,0.0
mtd_ai,200,0.00506538289232174,0.39473684210526316,5382.599680672709,0.15333333333333332,150,5,0.16363636363636364,0.2964864166838552,1.3296094473573064,0.0
mtd_ai,200,0.00506538289232174,0.4166666666666667,6242.763022257993,0.20666666666666667,150,5,0.16363636363636364,0.2964864166838552,1.3296094473573064,0.0
mtd_ai,200,0.00506538289232174,0.46296296296296297,6671.280502982177,0.25333333333333335,150,5,0.16363636363636364,0.2964864166838552,1.3296094473573064,0.0
mtd_ai,200,0.005071392344961913,0.25,3747.4481422497474,0.05333333333333334,150,5,0.09777777777777777,0.26555488972744573,1.005984413567708,0.0
mtd_ai,200,0.005071392344961913,0.30612244897959184,5154.358391832025,0.10666666666666667,150,5,0.09777777777777777,0.26555488972744573,1.005984413567708,0.0
mtd_ai,200,0.005071392344961913,0.3813559322033898,5835.1494868413465,0.15333333333333332,150,5,0.09777777777777777,0.26555488972744573,1.005984413567708,0.0
mtd_ai,200,0.005071392344961913,0.4411764705882353,6241.76492892921,0.20666666666666667,150,5,0.09777777777777777,0.26555488972744573,1.005984413567708,0.0
mtd_ai,200,0.005071392344961913,0.487012987012987,6571.221821388427,0.25333333333333335,150,5,0.09777777777777777,0.26555488972744573,1.005984413567708,0.0
mtd_ai,200,0.005084451612909231,0.35714285714285715,2103.264601481869,0.05333333333333334,150,5,0.14944444444444444,96.38432106424021,3.545213706196734,0.0
mtd_ai,200,0.005084451612909231,0.375,4277.049164747298,0.10666666666666667,150,5,0.14944444444444444,96.38432106424021,3.545213706196734,0.0
mtd_ai,200,0.005084451612909231,0.45918367346938777,4559.170575698596,0.15333333333333332,150,5,0.14944444444444444,96.38432106424021,3.545213706196734,0.0
mtd_ai,200,0.005084451612909231,0.4838709677419355,5289.388416353653,0.20666666666666667,150,5,0.14944444444444444,96.38432106424021,3.545213706196734,0.0
mtd_ai,200,0.005084451612909231,0.5357142857142857,5613.342237483965,0.25333333333333335,150,5,0.14944444444444444,96.38432106424021,3.545213706196734,0.0
mtd_ai,200,0.005084853592821846,0.3,3120.7410620526825,0.05333333333333334,150,5,0.2857142857142857,0.8785831772767771,3.2076298605778866,0.0
mtd_ai,200,0.005084853592821846,0.36585365853658536,4277.607760189082,0.10666666666666667,150,5,0.2857142857142857,0.8785831772767771,3.2076298605778866,0.0
mtd_ai,200,0.005084853592821846,0.45,4687.240890432844,0.15333333333333332,150,5,0.2857142857142857,0.8785831772767771,3.2076298605778866,0.0
mtd_ai,200,0.005084853592821846,0.5,5050.005277447499,0.20666666666666667,150,5,0.2857142857142857,0.8785831772767771,3.2076298605778866,0.0
mtd_ai,200,0.005084853592821846,0.5357142857142857,5587.991133952228,0.25333333333333335,150,5,0.2857142857142857,0.8785831772767771,3.2076298605778866,0.0
mtd_ai,200,0.005066273654292836,0.25,3486.457769135358,0.05333333333333334,150,5,0.1391111111111111,0.9602027944319101,3.872251478723976,0.0
mtd_ai,200,0.005066273654292836,0.3125,4540.058558174373,0.10666666666666667,150,5,0.1391111111111111,0.9602027944319101,3.872251478723976,0.0
mtd_ai,200,0.005066273654292836,0.39473684210526316,5130.258590138876,0.15333333333333332,150,5,0.1391111111111111,0.9602027944319101,3.872251478723976,0.0
mtd_ai,200,0.005066273654292836,0.40540540540540543,6439.8573307442975,0.20666666666666667,150,5,0.1391111111111111,0.9602027944319101,3.872251478723976,0.0
mtd_ai,200,0.005066273654292836,0.4411764705882353,6960.008780918788,0.25333333333333335,150,5,0.1391111111111111,0.9602027944319101,3.872251478723976,0.0
mtd_ai,200,0.005070160313946043,0.25,3853.0463548447765,0.05333333333333334,150,5,0.15384615384615385,0.06508295711537178,0.28085130221139,0.0
mtd_ai,200,0.005070160313946043,0.3409090909090909,4721.553840552173,0.10666666666666667,150,5,0.15384615384615385,0.06508295711537178,0.28085130221139,0.0
mtd_ai,200,0.005070160313946043,0.4326923076923077,5066.07150456605,0.15333333333333332,150,5,0.15384615384615385,0.06508295711537178,0.28085130221139,0.0
mtd_ai,200,0.005070160313946043,0.46875,5752.798619177156,0.20666666666666667,150,5,0.15384615384615385,0.06508295711537178,0.28085130221139,0.0
mtd_ai,200,0.005070160313946043,0.487012987012987,6357.552300590192,0.25333333333333335,150,5,0.15384615384615385,0.06508295711537178,0.28085130221139,0.0
mtd_ai,200,0.00509093733109182,0.375,2316.9601959097026,0.05333333333333334,150,5,0.19119047619047622,1.967688911065101,4.727825684076553,0.0
mtd_ai,200,0.00509093733109182,0.45454545454545453,3070.979986669098,0.10666666666666667,150,5,0.19119047619047622,1.967688911065101,4.727825684076553,0.0
mtd_ai,200,0.00509093733109182,0.5113636363636364,3670.428593063246,0.15333333333333332,150,5,0.19119047619047622,1.967688911065101,4.727825684076553,0.0
mtd_ai,200,0.00509093733109182,0.5172413793103449,4911.174275233163,0.20666666666666667,150,5,0.19119047619047622,1.967688911065101,4.727825684076553,0.0
mtd_ai,200,0.00509093733109182,0.5681818181818182,5308.134354218818,0.25333333333333335,150,5,0.19119047619047622,1.967688911065101,4.727825684076553,0.0
mtd_ai,200,0.0050680748513583715,0.24193548387096775,4007.219894695386,0.05333333333333334,150,5,0.07,0.6623404551921881,2.26237854326201,0.0
mtd_ai,200,0.0050680748513583715,0.3409090909090909,4781.794379246857,0.10666666666666667,150,5,0.07,0.6623404551921881,2.26237854326201,0.0
mtd_ai,200,0.0050680748513583715,0.4090909090909091,5676.775895302436,0.15333333333333332,150,5,0.07,0.6623404551921881,2.26237854326201,0.0
mtd_ai,200,0.0050680748513583715,0.42857142857142855,6282.413356345819,0.20666666666666667,150,5,0.07,0.6623404551921881,2.26237854326201,0.0
mtd_ai,200,0.0050680748513583715,0.4573170731707317,6786.468079058401,0.25333333333333335,150,5,0.07,0.6623404551921881,2.26237854326201,0.0
mtd_ai,200,0.00508606555408309,0.3409090909090909,2113.0005118950658,0.05333333333333334,150,5,0.23076923076923078,0.032337173786708896,0.07171255108373023,0.0
mtd_ai,200,0.00508606555408309,0.3409090909090909,4020.959058750301,0.10666666666666667,150,5,0.23076923076923078,0.032337173786708896,0.07171255108373023,0.0
mtd_ai,200,0.00508606555408309,0.4326923076923077,4312.685703850062,0.15333333333333332,150,5,0.23076923076923078,0.032337173786708896,0.07171255108373023,0.0
mtd_ai,200,0.00508606555408309,0.46875,4864.378600741986,0.20666666666666667,150,5,0.23076923076923078,0.032337173786708896,0.07171255108373023,0.0
mtd_ai,200,0.00508606555408309,0.5067567567567568,5285.60007160032,0.25333333333333335,150,5,0.23076923076923078,0.032337173786708896,0.07171255108373023,0.0
mtd_ai,200,0.005071348445528544,0.2777777777777778,3356.5735942684532,0.05333333333333334,150,5,0.12,0.3415132044047927,1.4516524737699747,0.0
mtd_ai,200,0.005071348445528544,0.3,4752.278015562527,0.10666666666666667,150,5,0.12,0.3415132044047927,1.4516524737699747,0.0
mtd_ai,200,0.005071348445528544,0.3629032258064516,5638.927661845233,0.15333333333333332,150,5,0.12,0.3415132044047927,1.4516524737699747,0.0
mtd_ai,200,0.005071348445528544,0.4166666666666667,6092.688655171145,0.20666666666666667,150,5,0.12,0.3415132044047927,1.4516524737699747,0.0
mtd_ai,200,0.005071348445528544,0.45180722891566266,6792.87882268849,0.25333333333333335,150,5,0.12,0.3415132044047927,1.4516524737699747,0.0
mtd_ai,200,0.005092249244148473,0.35714285714285715,2210.476518382783,0.05333333333333334,150,5,0.14666666666666667,0.14600371696822112,0.4864260347657273,0.0
mtd_ai,200,0.005092249244148473,0.4166666666666667,3075.9738334331123,0.10666666666666667,150,5,0.14666666666666667,0.14600371696822112,0.4864260347657273,0.0
mtd_ai,200,0.005092249244148473,0.4891304347826087,3723.2072146601386,0.15333333333333332,150,5,0.14666666666666667,0.14600371696822112,0.4864260347657273,0.0
mtd_ai,200,0.005092249244148473,0.5263157894736842,4162.672833020938,0.20666666666666667,150,5,0.14666666666666667,0.14600371696822112,0.4864260347657273,0.0
mtd_ai,200,0.005092249244148473,0.5357142857142857,5286.91936837044,0.25333333333333335,150,5,0.14666666666666667,0.14600371696822112,0.4864260347657273,0.0
mtd_ai,200,0.005075158009136919,0.22727272727272727,3906.665287414243,0.05333333333333334,150,5,0.08,1.0005840216451616,4.08394088673493,0.0
mtd_ai,200,0.005075158009136919,0.3,4843.0868360625955,0.10666666666666667,150,5,0.08,1.0005840216451616,4.08394088673493,0.0
mtd_ai,200,0.005075158009136919,0.3629032258064516,5294.77024301287,0.15333333333333332,150,5,0.08,1.0005840216451616,4.08394088673493,0.0
mtd_ai,200,0.005075158009136919,0.4166666666666667,5584.5096490000715,0.20666666666666667,150,5,0.08,1.0005840216451616,4.08394088673493,0.0
mtd_ai,200,0.005075158009136919,0.45180722891566266,6166.572737911582,0.25333333333333335,150,5,0.08,1.0005840216451616,4.08394088673493,0.0
mtd_ai,200,0.005072422891252439,0.39473684210526316,1566.8030457105306,0.05333333333333334,150,5,0.108,0.10794245124429322,0.472364748348906,0.0
mtd_ai,200,0.005072422891252439,0.45454545454545453,2220.1826525759025,0.10666666666666667,150,5,0.108,0.10794245124429322,0.472364748348906,0.0
mtd_ai,200,0.005072422891252439,0.5113636363636364,3165.1626701984533,0.15333333333333332,150,5,0.108,0.10794245124429322,0.472364748348906,0.0
mtd_ai,200,0.005072422891252439,0.46153846153846156,5940.748423978857,0.20666666666666667,150,5,0.108,0.10794245124429322,0.472364748348906,0.0
mtd_ai,200,0.005072422891252439,0.5,6331.287430103428,0.25333333333333335,150,5,0.108,0.10794245124429322,0.472364748348906,0.0
mtd_ai,200,0.005072053220832583,0.3125,2543.696837834175,0.05333333333333334,150,5,0.15444444444444444,0.5385330005401637,1.9110717087833309,0.0
mtd_ai,200,0.005072053220832583,0.39473684210526316,3414.0986268780434,0.10666666666666667,150,5,0.15444444444444444,0.5385330005401637,1.9110717087833309,0.0
mtd_ai,200,0.005072053220832583,0.45,3961.130752653606,0.15333333333333332,150,5,0.15444444444444444,0.5385330005401637,1.9110717087833309,0.0
mtd_ai,200,0.005072053220832583,0.42857142857142855,5993.9340160446045,0.20666666666666667,150,5,0.15444444444444444,0.5385330005401637,1.9110717087833309,0.0
mtd_ai,200,0.005072053220832583,0.46296296296296297,6592.823546522095,0.25333333333333335,150,5,0.15444444444444444,0.5385330005401637,1.9110717087833309,0.0
mtd_ai,200,0.005068807022952699,0.35714285714285715,1609.3328863578413,0.05333333333333334,150,5,0.12022222222222222,0.37443664010397293,1.6772750197277366,0.0
mtd_ai,200,0.005068807022952699,0.30612244897959184,4876.800221696497,0.10666666666666667,150,5,0.12022222222222222,0.37443664010397293,1.6772750197277366,0.0
mtd_ai,200,0.005068807022952699,0.375,5389.31781851851,0.15333333333333332,150,5,0.12022222222222222,0.37443664010397293,1.6772750197277366,0.0
mtd_ai,200,0.005068807022952699,0.4166666666666667,5936.022865779281,0.20666666666666667,150,5,0.12022222222222222,0.37443664010397293,1.6772750197277366,0.0
mtd_ai,200,0.005068807022952699,0.46296296296296297,6526.845741249225,0.25333333333333335,150,5,0.12022222222222222,0.37443664010397293,1.6772750197277366,0.0
mtd_ai,200,0.00509669398151091,0.3125,2843.3893781265224,0.05333333333333334,150,5,0.13555555555555554,0.463284422650363,2.072816825566661,0.0
mtd_ai,200,0.00509669398151091,0.40540540540540543,3596.108797116017,0.10666666666666667,150,5,0.13555555555555554,0.463284422650363,2.072816825566661,0.0
mtd_ai,200,0.00509669398151091,0.45918367346938777,4202.591403102072,0.15333333333333332,150,5,0.13555555555555554,0.463284422650363,2.072816825566661,0.0
mtd_ai,200,0.00509669398151091,0.5,4658.360399314107,0.20666666666666667,150,5,0.13555555555555554,0.463284422650363,2.072816825566661,0.0
mtd_ai,200,0.00509669398151091,0.5357142857142857,5215.595107070456,0.25333333333333335,150,5,0.13555555555555554,0.463284422650363,2.072816825566661,0.0
mtd_ai,200,0.0050740258807989375,0.234375,4112.956590039366,0.05333333333333334,150,5,0.09166666666666666,1.1079687884326401,2.882696042915331,0.0
mtd_ai,200,0.0050740258807989375,0.3333333333333333,4797.319325428351,0.10666666666666667,150,5,0.09166666666666666,1.1079687884326401,2.882696042915331,0.0
mtd_ai,200,0.0050740258807989375,0.3813559322033898,5378.927766641045,0.15333333333333332,150,5,0.09166666666666666,1.1079687884326401,2.882696042915331,0.0
mtd_ai,200,0.0050740258807989375,0.410958904109589,6030.368170667167,0.20666666666666667,150,5,0.09166666666666666,1.1079687884326401,2.882696042915331,0.0
mtd_ai,200,0.0050740258807989375,0.436046511627907,6550.150818640172,0.25333333333333335,150,5,0.09166666666666666,1.1079687884326401,2.882696042915331,0.0
mtd_ai,200,0.005071946718293077,0.25862068965517243,3200.6388426415488,0.05333333333333334,150,5,0.12788888888888889,0.011471084250092013,0.039131830841838904,0.0
mtd_ai,200,0.005071946718293077,0.39473684210526316,3598.2026177226426,0.10666666666666667,150,5,0.12788888888888889,0.011471084250092013,0.039131830841838904,0.0
mtd_ai,200,0.005071946718293077,0.4166666666666667,4704.942655669271,0.15333333333333332,150,5,0.12788888888888889,0.011471084250092013,0.039131830841838904,0.0
mtd_ai,200,0.005071946718293077,0.4225352112676056,6284.123224757789,0.20666666666666667,150,5,0.12788888888888889,0.011471084250092013,0.039131830841838904,0.0
mtd_ai,200,0.005071946718293077,0.47468354430379744,6661.395299117685,0.25333333333333335,150,5,0.12788888888888889,0.011471084250092013,0.039131830841838904,0.0
mtd_ai,200,0.005086921688034305,0.3,2493.4757788153147,0.05333333333333334,150,5,0.23809523809523808,3.341259583463532,5.69615299070894,0.0
mtd_ai,200,0.005086921688034305,0.3488372093023256,3988.9074480325007,0.10666666666666667,150,5,0.23809523809523808,3.341259583463532,5.69615299070894,0.0
mtd_ai,200,0.005086921688034305,0.42452830188679247,4477.852098406251,0.15333333333333332,150,5,0.23809523809523808,3.341259583463532,5.69615299070894,0.0
mtd_ai,200,0.005086921688034305,0.46875,5057.1566181169255,0.20666666666666667,150,5,0.23809523809523808,3.341259583463532,5.69615299070894,0.0
mtd_ai,200,0.005086921688034305,0.5208333333333334,5386.389010124537,0.25333333333333335,150,5,0.23809523809523808,3.341259583463532,5.69615299070894,0.0
mtd_ai,200,0.005078380715526367,0.32608695652173914,2029.104029269572,0.05333333333333334,150,5,0.07692307692307693,0.5349895958344906,2.3427535357752762,0.0
mtd_ai,200,0.005078380715526367,0.3488372093023256,3998.080892071205,0.10666666666666667,150,5,0.07692307692307693,0.5349895958344906,2.3427535357752762,0.0
mtd_ai,200,0.005078380715526367,0.4090909090909091,4594.238149616464,0.15333333333333332,150,5,0.07692307692307693,0.5349895958344906,2.3427535357752762,0.0
mtd_ai,200,0.005078380715526367,0.42857142857142855,5416.304226975796,0.20666666666666667,150,5,0.07692307692307693,0.5349895958344906,2.3427535357752762,0.0
mtd_ai,200,0.005078380715526367,0.46296296296296297,5918.601262841163,0.25333333333333335,150,5,0.07692307692307693,0.5349895958344906,2.3427535357752762,0.0
mtd_ai,200,0.005055067460505322,0.1875,4807.42976217677,0.05333333333333334,150,5,0.14,0.2686916307734096,0.9487448466177831,0.0
mtd_ai,200,0.005055067460505322,0.26785714285714285,5429.512721048155,0.10666666666666667,150,5,0.14,0.2686916307734096,0.9487448466177831,0.0
mtd_ai,200,0.005055067460505322,0.33088235294117646,6170.37408954589,0.15333333333333332,150,5,0.14,0.2686916307734096,0.9487448466177831,0.0
mtd_ai,200,0.005055067460505322,0.36585365853658536,7104.4525698488,0.20666666666666667,150,5,0.14,0.2686916307734096,0.9487448466177831,0.0
mtd_ai,200,0.005055067460505322,0.4076086956521739,7437.777257327174,0.25333333333333335,150,5,0.14,0.2686916307734096,0.9487448466177831,0.0
mtd_ai,200,0.0050674039165791085,0.20833333333333334,4321.148670448111,0.05333333333333334,150,5,0.13333333333333333,0.05978373039664111,0.16396740494970286,0.0
mtd_ai,200,0.0050674039165791085,0.3125,5041.047551769856,0.10666666666666667,150,5,0.13333333333333333,0.05978373039664111,0.16396740494970286,0.0
mtd_ai,200,0.0050674039165791085,0.36885245901639346,6146.509918393178,0.15333333333333332,150,5,0.13333333333333333,0.05978373039664111,0.16396740494970286,0.0
mtd_ai,200,0.0050674039165791085,0.40540540540540543,6771.136414158337,0.20666666666666667,150,5,0.13333333333333333,0.05978373039664111,0.16396740494970286,0.0
mtd_ai,200,0.0050674039165791085,0.45180722891566266,7076.431196683109,0.25333333333333335,150,5,0.13333333333333333,0.05978373039664111,0.16396740494970286,0.0
mtd_ai,200,0.005081480885746305,0.26785714285714285,3635.8754497605078,0.05333333333333334,150,5,0.14085185185185184,2.081971884330044,5.404138142467835,0.0
mtd_ai,200,0.005081480885746305,0.35714285714285715,4325.896085825526,0.10666666666666667,150,5,0.14085185185185184,2.081971884330044,5.404138142467835,0.0
mtd_ai,200,0.005081480885746305,0.4090909090909091,4980.474570786943,0.15333333333333332,150,5,0.14085185185185184,2.081971884330044,5.404138142467835,0.0
mtd_ai,200,0.005081480885746305,0.45454545454545453,5536.504313106401,0.20666666666666667,150,5,0.14085185185185184,2.081971884330044,5.404138142467835,0.0
mtd_ai,200,0.005081480885746305,0.5067567567567568,5768.188840719009,0.25333333333333335,150,5,0.14085185185185184,2.081971884330044,5.404138142467835,0.0
mtd_ai,200,0.0050744352069373114,0.3409090909090909,2157.4935257539328,0.05333333333333334,150,5,0.10733333333333334,0.11212449289949607,0.16667217648201843,0.0
mtd_ai,200,0.0050744352069373114,0.35714285714285715,4443.927553801897,0.10666666666666667,150,5,0.10733333333333334,0.11212449289949607,0.16667217648201843,0.0
mtd_ai,200,0.0050744352069373114,0.4166666666666667,5292.95555153357,0.15333333333333332,150,5,0.10733333333333334,0.11212449289949607,0.16667217648201843,0.0
mtd_ai,200,0.0050744352069373114,0.46875,5680.681627796224,0.20666666666666667,150,5,0.10733333333333334,0.11212449289949607,0.16667217648201843,0.0
mtd_ai,200,0.0050744352069373114,0.5067567567567568,6427.704313060449,0.25333333333333335,150,5,0.10733333333333334,0.11212449289949607,0.16667217648201843,0.0
mtd_ai,200,0.005060570762873858,0.21428571428571427,4753.594633307447,0.05333333333333334,150,5,0.15555555555555556,1.5160487712634876,3.5862528016144135,0.0
mtd_ai,200,0.005060570762873858,0.3125,5788.346738235254,0.10666666666666667,150,5,0.15555555555555556,1.5160487712634876,3.5862528016144135,0.0
mtd_ai,200,0.005060570762873858,0.39473684210526316,6054.416153402326,0.15333333333333332,150,5,0.15555555555555556,1.5160487712634876,3.5862528016144135,0.0
mtd_ai,200,0.005060570762873858,0.4225352112676056,7227.338293119725,0.20666666666666667,150,5,0.15555555555555556,1.5160487712634876,3.5862528016144135,0.0
mtd_ai,200,0.005060570762873858,0.46296296296296297,7685.703011169253,0.25333333333333335,150,5,0.15555555555555556,1.5160487712634876,3.5862528016144135,0.0
mtd_ai,200,0.005077222813739823,0.35714285714285715,2222.9798071023333,0.05333333333333334,150,5,0.12688888888888888,0.4535094237546859,1.7733913638724923,0.0
mtd_ai,200,0.005077222813739823,0.39473684210526316,3239.246598829797,0.10666666666666667,150,5,0.12688888888888888,0.4535094237546859,1.7733913638724923,0.0
mtd_ai,200,0.005077222813739823,0.45918367346938777,3840.391561776163,0.15333333333333332,150,5,0.12688888888888888,0.4535094237546859,1.7733913638724923,0.0
mtd_ai,200,0.005077222813739823,0.46875,5541.360745094664,0.20666666666666667,150,5,0.12688888888888888,0.4535094237546859,1.7733913638724923,0.0
mtd_ai,200,0.005077222813739823,0.5067567567567568,5911.403867480628,0.25333333333333335,150,5,0.12688888888888888,0.4535094237546859,1.7733913638724923,0.0
mtd_ai,200,0.005091459983712093,0.26785714285714285,1909.4314959100561,0.05333333333333334,150,5,0.3235294117647059,0.5398110424114487,1.6662393424221438,0.0
mtd_ai,200,0.005091459983712093,0.3488372093023256,3160.7437028534587,0.10666666666666667,150,5,0.3235294117647059,0.5398110424114487,1.6662393424221438,0.0
mtd_ai,200,0.005091459983712093,0.375,4026.3094734121278,0.15333333333333332,150,5,0.3235294117647059,0.5398110424114487,1.6662393424221438,0.0
mtd_ai,200,0.005091459983712093,0.4166666666666667,4732.46344450378,0.20666666666666667,150,5,0.3235294117647059,0.5398110424114487,1.6662393424221438,0.0
mtd_ai,200,0.005091459983712093,0.46296296296296297,5057.435667737525,0.25333333333333335,150,5,0.3235294117647059,0.5398110424114487,1.6662393424221438,0.0
mtd_ai,200,0.005079527165628534,0.32608695652173914,2190.1533161071466,0.05333333333333334,150,5,0.15,0.3726872294729217,1.1873713201406764,0.0
mtd_ai,200,0.005079527165628534,0.40540540540540543,2980.7103017670415,0.10666666666666667,150,5,0.15,0.3726872294729217,1.1873713201406764,0.0
mtd_ai,200,0.005079527165628534,0.4166666666666667,4549.038425845174,0.15333333333333332,150,5,0.15,0.3726872294729217,1.1873713201406764,0.0
mtd_ai,200,0.005079527165628534,0.44776119402985076,5356.977183981788,0.20666666666666667,150,5,0.15,0.3726872294729217,1.1873713201406764,0.0
mtd_ai,200,0.005079527165628534,0.46875,5969.626421087647,0.25333333333333335,150,5,0.15,0.3726872294729217,1.1873713201406764,0.0
mtd_ai,200,0.0050872651446728714,0.28846153846153844,2646.8059387397316,0.05333333333333334,150,5,0.14,0.6481812417553521,2.7447366330012826,0.0
mtd_ai,200,0.0050872651446728714,0.375,3399.1110061346067,0.10666666666666667,150,5,0.14,0.6481812417553521,2.7447366330012826,0.0
mtd_ai,200,0.0050872651446728714,0.42452830188679247,3922.307266559058,0.15333333333333332,150,5,0.14,0.6481812417553521,2.7447366330012826,0.0
mtd_ai,200,0.0050872651446728714,0.46153846153846156,4484.048181614376,0.20666666666666667,150,5,0.14,0.6481812417553521,2.7447366330012826,0.0
mtd_ai,200,0.0050872651446728714,0.487012987012987,5239.505289143492,0.25333333333333335,150,5,0.14,0.6481812417553521,2.7447366330012826,0.0
mtd_ai,200,0.005078496031494327,0.22727272727272727,3864.69281253145,0.05333333333333334,150,5,0.09,0.4283488749529721,1.21808429032483,0.0
mtd_ai,200,0.005078496031494327,0.3333333333333333,4615.948605908736,0.10666666666666667,150,5,0.09,0.4283488749529721,1.21808429032483,0.0
mtd_ai,200,0.005078496031494327,0.4090909090909091,5074.847969291637,0.15333333333333332,150,5,0.09,0.4283488749529721,1.21808429032483,0.0
mtd_ai,200,0.005078496031494327,0.43478260869565216,5556.29083234973,0.20666666666666667,150,5,0.09,0.4283488749529721,1.21808429032483,0.0
mtd_ai,200,0.005078496031494327,0.47468354430379744,5991.239674190075,0.25333333333333335,150,5,0.09,0.4283488749529721,1.21808429032483,0.0
mtd_ai,200,0.0050630802115564115,0.1875,5098.934344278696,0.05333333333333334,150,5,0.08977777777777778,1.0921171349408698,4.439040819823099,0.0
mtd_ai,200,0.0050630802115564115,0.29411764705882354,5494.306260534519,0.10666666666666667,150,5,0.08977777777777778,1.0921171349408698,4.439040819823099,0.0
mtd_ai,200,0.0050630802115564115,0.34615384615384615,6228.090292556139,0.15333333333333332,150,5,0.08977777777777778,1.0921171349408698,4.439040819823099,0.0
mtd_ai,200,0.0050630802115564115,0.375,6791.97260700472,0.20666666666666667,150,5,0.08977777777777778,1.0921171349408698,4.439040819823099,0.0
mtd_ai,200,0.0050630802115564115,0.39893617021276595,7293.205318710914,0.25333333333333335,150,5,0.08977777777777778,1.0921171349408698,4.439040819823099,0.0
mtd_ai,200,0.005050850960591672,0.15306122448979592,6524.545459156902,0.05333333333333334,150,5,0.10111111111111111,0.22916242938818274,0.8745743877298747,0.0
mtd_ai,200,0.005050850960591672,0.2542372881355932,7074.128371608402,0.10666666666666667,150,5,0.10111111111111111,0.22916242938818274,0.8745743877298747,0.0
mtd_ai,200,0.005050850960591672,0.33088235294117646,7635.002562623213,0.15333333333333332,150,5,0.10111111111111111,0.22916242938818274,0.8745743877298747,0.0
mtd_ai,200,0.005050850960591672,0.36585365853658536,8224.732936658504,0.20666666666666667,150,5,0.10111111111111111,0.22916242938818274,0.8745743877298747,0.0
mtd_ai,200,0.005050850960591672,0.4076086956521739,8720.41517920382,0.25333333333333335,150,5,0.10111111111111111,0.22916242938818274,0.8745743877298747,0.0
mtd_ai,200,0.005063272601841448,0.375,2081.486178072195,0.05333333333333334,150,5,0.10333333333333333,2.669930863034441,2.6883608895320745,0.0
mtd_ai,200,0.005063272601841448,0.42857142857142855,3194.1837046262954,0.10666666666666667,150,5,0.10333333333333333,2.669930863034441,2.6883608895320745,0.0
mtd_ai,200,0.005063272601841448,0.3879310344827586,6017.015838670173,0.15333333333333332,150,5,0.10333333333333333,2.669930863034441,2.6883608895320745,0.0
mtd_ai,200,0.005063272601841448,0.43478260869565216,6619.326481806123,0.20666666666666667,150,5,0.10333333333333333,2.669930863034441,2.6883608895320745,0.0
mtd_ai,200,0.005063272601841448,0.4807692307692308,7052.7518594348185,0.25333333333333335,150,5,0.10333333333333333,2.669930863034441,2.6883608895320745,0.0
mtd_ai,200,0.0050533526941058645,0.24193548387096775,4183.91187838177,0.05333333333333334,150,5,0.10333333333333333,0.5684697153048865,1.5502510639779263,0.0
mtd_ai,200,0.0050533526941058645,0.29411764705882354,6308.371171181845,0.10666666666666667,150,5,0.10333333333333333,0.5684697153048865,1.5502510639779263,0.0
mtd_ai,200,0.0050533526941058645,0.35714285714285715,7168.057623458975,0.15333333333333332,150,5,0.10333333333333333,0.5684697153048865,1.5502510639779263,0.0
mtd_ai,200,0.0050533526941058645,0.4,7749.808682135764,0.20666666666666667,150,5,0.10333333333333333,0.5684697153048865,1.5502510639779263,0.0
mtd_ai,200,0.0050533526941058645,0.4411764705882353,8172.50234623647,0.25333333333333335,150,5,0.10333333333333333,0.5684697153048865,1.5502510639779263,0.0
mtd_ai,200,0.005076394355898353,0.3,2506.7328333885753,0.05333333333333334,150,5,0.15833333333333333,0.5957211848556262,2.311936392952811,0.0
mtd_ai,200,0.005076394355898353,0.36585365853658536,3822.4876799339822,0.10666666666666667,150,5,0.15833333333333333,0.5957211848556262,2.311936392952811,0.0
mtd_ai,200,0.005076394355898353,0.39473684210526316,4679.250020856838,0.15333333333333332,150,5,0.15833333333333333,0.5957211848556262,2.311936392952811,0.0
mtd_ai,200,0.005076394355898353,0.4225352112676056,5399.790293225181,0.20666666666666667,150,5,0.15833333333333333,0.5957211848556262,2.311936392952811,0.0
mtd_ai,200,0.005076394355898353,0.46296296296296297,6184.474337970945,0.25333333333333335,150,5,0.15833333333333333,0.5957211848556262,2.311936392952811,0.0
mtd_ai,200,0.005095655940902617,0.2777777777777778,2637.7251681375947,0.05333333333333334,150,5,0.11866666666666667,0.7114722754318648,3.0354442039976894,0.0
mtd_ai,200,0.005095655940902617,0.38461538461538464,3268.5498881927892,0.10666666666666667,150,5,0.11866666666666667,0.7114722754318648,3.0354442039976894,0.0
mtd_ai,200,0.005095655940902617,0.4787234042553192,3681.6549119321926,0.15333333333333332,150,5,0.11866666666666667,0.7114722754318648,3.0354442039976894,0.0
mtd_ai,200,0.005095655940902617,0.47619047619047616,4554.148538901797,0.20666666666666667,150,5,0.11866666666666667,0.7114722754318648,3.0354442039976894,0.0
mtd_ai,200,0.005095655940902617,0.5136986301369864,5097.36592440988,0.25333333333333335,150,5,0.11866666666666667,0.7114722754318648,3.0354442039976894,0.0
mtd_ai,200,0.005079416171075463,0.2777777777777778,2547.7953219054207,0.05333333333333334,150,5,0.2727272727272727,0.6796961886589148,1.5630182329100881,0.0
mtd_ai,200,0.005079416171075463,0.36585365853658536,3598.266777779537,0.10666666666666667,150,5,0.2727272727272727,0.6796961886589148,1.5630182329100881,0.0
mtd_ai,200,0.005079416171075463,0.45,3996.9837494255253,0.15333333333333332,150,5,0.2727272727272727,0.6796961886589148,1.5630182329100881,0.0
mtd_ai,200,0.005079416171075463,0.46153846153846156,4883.300599544244,0.20666666666666667,150,5,0.2727272727272727,0.6796961886589148,1.5630182329100881,0.0
mtd_ai,200,0.005079416171075463,0.47468354430379744,5816.991750132182,0.25333333333333335,150,5,0.2727272727272727,0.6796961886589148,1.5630182329100881,0.0
mtd_ai,200,0.00509595689162465,0.35714285714285715,1516.9494370488928,0.05333333333333334,150,5,0.10333333333333333,1.4330839130008248,2.131097254217455,0.0
mtd_ai,200,0.00509595689162465,0.38461538461538464,2667.045715524908,0.10666666666666667,150,5,0.10333333333333333,1.4330839130008248,2.131097254217455,0.0
mtd_ai,200,0.00509595689162465,0.45918367346938777,3259.1781217203024,0.15333333333333332,150,5,0.10333333333333333,1.4330839130008248,2.131097254217455,0.0
mtd_ai,200,0.00509595689162465,0.4838709677419355,4009.5029041315456,0.20666666666666667,150,5,0.10333333333333333,1.4330839130008248,2.131097254217455,0.0
mtd_ai,200,0.00509595689162465,0.5136986301369864,4930.565033087796,0.25333333333333335,150,5,0.10333333333333333,1.4330839130008248,2.131097254217455,0.0
mtd_ai,200,0.00505653875485161,0.46875,1526.3705556087916,0.05333333333333334,150,5,0.16129032258064516,1.0994781779768759,3.1024781988419545,0.0
mtd_ai,200,0.00505653875485161,0.32608695652173914,4876.517313512884,0.10666666666666667,150,5,0.16129032258064516,1.0994781779768759,3.1024781988419545,0.0
mtd_ai,200,0.00505653875485161,0.3515625,6199.017159074707,0.15333333333333332,150,5,0.16129032258064516,1.0994781779768759,3.1024781988419545,0.0
mtd_ai,200,0.00505653875485161,0.36585365853658536,7275.454887575077,0.20666666666666667,150,5,0.16129032258064516,1.0994781779768759,3.1024781988419545,0.0
mtd_ai,200,0.00505653875485161,0.41208791208791207,7653.076823691246,0.25333333333333335,150,5,0.16129032258064516,1.0994781779768759,3.1024781988419545,0.0
mtd_ai,200,0.005103811654327688,0.3,2330.379762006819,0.05333333333333334,150,5,0.15,0.18608188712118137,0.2742899666917828,0.0
mtd_ai,200,0.005103811654327688,0.375,3316.0163852236064,0.10666666666666667,150,5,0.15,0.18608188712118137,0.2742899666917828,0.0
mtd_ai,200,0.005103811654327688,0.4411764705882353,4024.2663333980026,0.15333333333333332,150,5,0.15,0.18608188712118137,0.2742899666917828,0.0
mtd_ai,200,0.005103811654327688,0.4838709677419355,4431.412371904597,0.20666666666666667,150,5,0.15,0.18608188712118137,0.2742899666917828,0.0
mtd_ai,200,0.005103811654327688,0.528169014084507,4718.350672041676,0.25333333333333335,150,5,0.15,0.18608188712118137,0.2742899666917828,0.0
mtd_ai,200,0.00507284432957639,0.28846153846153844,2978.6941190597245,0.05333333333333334,150,5,0.15666666666666668,0.5945547878374142,2.347413569500527,0.0
mtd_ai,200,0.00507284432957639,0.3488372093023256,4491.886126527301,0.10666666666666667,150,5,0.15666666666666668,0.5945547878374142,2.347413569500527,0.0
mtd_ai,200,0.00507284432957639,0.375,5518.560439366074,0.15333333333333332,150,5,0.15666666666666668,0.5945547878374142,2.347413569500527,0.0
mtd_ai,200,0.00507284432957639,0.42857142857142855,5925.448669499578,0.20666666666666667,150,5,0.15666666666666668,0.5945547878374142,2.347413569500527,0.0
mtd_ai,200,0.00507284432957639,0.46296296296296297,6508.566544480056,0.25333333333333335,150,5,0.15666666666666668,0.5945547878374142,2.347413569500527,0.0
mtd_ai,200,0.005100144657256959,0.35714285714285715,1895.9455429149366,0.05333333333333334,150,5,0.155,0.11547380427902372,0.43559773435943777,0.0
mtd_ai,200,0.005100144657256959,0.39473684210526316,3216.889011672075,0.10666666666666667,150,5,0.155,0.11547380427902372,0.43559773435943777,0.0
mtd_ai,200,0.005100144657256959,0.46875,4100.75205716438,0.15333333333333332,150,5,0.155,0.11547380427902372,0.43559773435943777,0.0
mtd_ai,200,0.005100144657256959,0.5263157894736842,4473.781215525425,0.20666666666666667,150,5,0.155,0.11547380427902372,0.43559773435943777,0.0
mtd_ai,200,0.005100144657256959,0.5681818181818182,4756.673553949314,0.25333333333333335,150,5,0.155,0.11547380427902372,0.43559773435943777,0.0
mtd_ai,200,0.005096433416278489,0.46875,1586.1418383583718,0.05333333333333334,150,5,0.12692857142857142,0.7785259998606082,3.348376571136329,0.0
mtd_ai,200,0.005096433416278489,0.45454545454545453,2853.605703226267,0.10666666666666667,150,5,0.12692857142857142,0.7785259998606082,3.348376571136329,0.0
mtd_ai,200,0.005096433416278489,0.5,3654.6332218381726,0.15333333333333332,150,5,0.12692857142857142,0.7785259998606082,3.348376571136329,0.0
mtd_ai,200,0.005096433416278489,0.5172413793103449,4674.250954080955,0.20666666666666667,150,5,0.12692857142857142,0.7785259998606082,3.348376571136329,0.0
mtd_ai,200,0.005096433416278489,0.5514705882352942,5024.321302315431,0.25333333333333335,150,5,0.12692857142857142,0.7785259998606082,3.348376571136329,0.0
mtd_ai,200,0.005089088944421548,0.3409090909090909,2329.8430315229207,0.05333333333333334,150,5,0.12777777777777777,0.6707195191061965,2.724408357331974,0.0
mtd_ai,200,0.005089088944421548,0.42857142857142855,3475.294178639765,0.10666666666666667,150,5,0.12777777777777777,0.6707195191061965,2.724408357331974,0.0
mtd_ai,200,0.005089088944421548,0.4787234042553192,4264.239339988676,0.15333333333333332,150,5,0.12777777777777777,0.6707195191061965,2.724408357331974,0.0
mtd_ai,200,0.005089088944421548,0.5084745762711864,4777.171584533487,0.20666666666666667,150,5,0.12777777777777777,0.6707195191061965,2.724408357331974,0.0
mtd_ai,200,0.005089088944421548,0.5514705882352942,5127.449556084941,0.25333333333333335,150,5,0.12777777777777777,0.6707195191061965,2.724408357331974,0.0
mtd_ai,200,0.005064766924309156,0.19230769230769232,4991.732919654742,0.05333333333333334,150,5,0.09333333333333334,0.5021550248370735,1.1354081478965823,0.0
mtd_ai,200,0.005064766924309156,0.3,5399.438164864556,0.10666666666666667,150,5,0.09333333333333334,0.5021550248370735,1.1354081478965823,0.0
mtd_ai,200,0.005064766924309156,0.34615384615384615,6108.05289411483,0.15333333333333332,150,5,0.09333333333333334,0.5021550248370735,1.1354081478965823,0.0
mtd_ai,200,0.005064766924309156,0.37037037037037035,6708.538739660049,0.20666666666666667,150,5,0.09333333333333334,0.5021550248370735,1.1354081478965823,0.0
mtd_ai,200,0.005064766924309156,0.41208791208791207,6969.240567914927,0.25333333333333335,150,5,0.09333333333333334,0.5021550248370735,1.1354081478965823,0.0
mtd_ai,200,0.005071712798007836,0.26785714285714285,3071.437031264075,0.05333333333333334,150,5,0.11377777777777777,0.6196250220541674,1.6689567412172035,0.0
mtd_ai,200,0.005071712798007836,0.36585365853658536,3992.473536820755,0.10666666666666667,150,5,0.11377777777777777,0.6196250220541674,1.6689567412172035,0.0
mtd_ai,200,0.005071712798007836,0.4090909090909091,4811.066868120701,0.15333333333333332,150,5,0.11377777777777777,0.6196250220541674,1.6689567412172035,0.0
mtd_ai,200,0.005071712798007836,0.46153846153846156,5426.066805331826,0.20666666666666667,150,5,0.11377777777777777,0.6196250220541674,1.6689567412172035,0.0
mtd_ai,200,0.005071712798007836,0.4934210526315789,6196.0037700406065,0.25333333333333335,150,5,0.11377777777777777,0.6196250220541674,1.6689567412172035,0.0
mtd_ai,200,0.005060851757173213,0.19736842105263158,5379.829872317794,0.05333333333333334,150,5,0.11611111111111112,2.274237704755229,5.074729285331912,0.0
mtd_ai,200,0.005060851757173213,0.32608695652173914,5764.471220784928,0.10666666666666667,150,5,0.11611111111111112,2.274237704755229,5.074729285331912,0.0
mtd_ai,200,0.005060851757173213,0.4017857142857143,6217.450977830489,0.15333333333333332,150,5,0.11611111111111112,2.274237704755229,5.074729285331912,0.0
mtd_ai,200,0.005060851757173213,0.42857142857142855,7058.934189695354,0.20666666666666667,150,5,0.11611111111111112,2.274237704755229,5.074729285331912,0.0
mtd_ai,200,0.005060851757173213,0.47468354430379744,7342.83048083352,0.25333333333333335,150,5,0.11611111111111112,2.274237704755229,5.074729285331912,0.0
mtd_ai,200,0.005055599389967691,0.234375,4345.351211179753,0.05333333333333334,150,5,0.0961111111111111,0.019679271563192675,0.08357298728753626,0.0
mtd_ai,200,0.005055599389967691,0.32608695652173914,5267.7291198552475,0.10666666666666667,150,5,0.0961111111111111,0.019679271563192675,0.08357298728753626,0.0
mtd_ai,200,0.005055599389967691,0.3813559322033898,6236.729378584676,0.15333333333333332,150,5,0.0961111111111111,0.019679271563192675,0.08357298728753626,0.0
mtd_ai,200,0.005055599389967691,0.4225352112676056,7214.222538277139,0.20666666666666667,150,5,0.0961111111111111,0.019679271563192675,0.08357298728753626,0.0
mtd_ai,200,0.005055599389967691,0.45180722891566266,7791.74138076167,0.25333333333333335,150,5,0.0961111111111111,0.019679271563192675,0.08357298728753626,0.0
mtd_ai,200,0.005072501314397355,0.25,4003.6555791432356,0.05333333333333334,150,5,0.15666666666666668,0.06690907897458137,0.11145764448908355,0.0
mtd_ai,200,0.005072501314397355,0.3409090909090909,5052.913494073447,0.10666666666666667,150,5,0.15666666666666668,0.06690907897458137,0.11145764448908355,0.0
mtd_ai,200,0.005072501314397355,0.4166666666666667,5422.50056221527,0.15333333333333332,150,5,0.15666666666666668,0.06690907897458137,0.11145764448908355,0.0
mtd_ai,200,0.005072501314397355,0.46875,5673.693701268111,0.20666666666666667,150,5,0.15666666666666668,0.06690907897458137,0.11145764448908355,0.0
mtd_ai,200,0.005072501314397355,0.4807692307692308,6416.342183493228,0.25333333333333335,150,5,0.15666666666666668,0.06690907897458137,0.11145764448908355,0.0
mtd_ai,200,0.00509985096374689,0.32608695652173914,2200.070066159472,0.05333333333333334,150,5,0.12888888888888891,1.9855052197107161,3.5435566193557646,0.0
mtd_ai,200,0.00509985096374689,0.4166666666666667,3179.8631725396444,0.10666666666666667,150,5,0.12888888888888891,1.9855052197107161,3.5435566193557646,0.0
mtd_ai,200,0.00509985096374689,0.5,3679.6463686414745,0.15333333333333332,150,5,0.12888888888888891,1.9855052197107161,3.5435566193557646,0.0
mtd_ai,200,0.00509985096374689,0.5263157894736842,4153.390518682421,0.20666666666666667,150,5,0.12888888888888891,1.9855052197107161,3.5435566193557646,0.0
mtd_ai,200,0.00509985096374689,0.5434782608695652,4859.761243944659,0.25333333333333335,150,5,0.12888888888888891,1.9855052197107161,3.5435566193557646,0.0
mtd_ai,200,0.005061889080709875,0.3125,2496.2670474152674,0.05333333333333334,150,5,0.2222222222222222,0.9073777780697784,3.5463413342957235,0.0
mtd_ai,200,0.005061889080709875,0.3191489361702128,5169.772699984296,0.10666666666666667,150,5,0.2222222222222222,0.9073777780697784,3.5463413342957235,0.0
mtd_ai,200,0.005061889080709875,0.3879310344827586,5569.995716808029,0.15333333333333332,150,5,0.2222222222222222,0.9073777780697784,3.5463413342957235,0.0
mtd_ai,200,0.005061889080709875,0.410958904109589,6693.981829725251,0.20666666666666667,150,5,0.2222222222222222,0.9073777780697784,3.5463413342957235,0.0
mtd_ai,200,0.005061889080709875,0.4411764705882353,7126.035576866267,0.25333333333333335,150,5,0.2222222222222222,0.9073777780697784,3.5463413342957235,0.0
mtd_ai,200,0.005071452269151036,0.3409090909090909,2444.0663789623577,0.05333333333333334,150,5,0.12888888888888891,0.8679185071967811,3.776342757207355,0.0
mtd_ai,200,0.005071452269151036,0.3409090909090909,4981.903591077893,0.10666666666666667,150,5,0.12888888888888891,0.8679185071967811,3.776342757207355,0.0
mtd_ai,200,0.005071452269151036,0.42452830188679247,5459.762225406096,0.15333333333333332,150,5,0.12888888888888891,0.8679185071967811,3.776342757207355,0.0
mtd_ai,200,0.005071452269151036,0.46153846153846156,6051.250631603093,0.20666666666666667,150,5,0.12888888888888891,0.8679185071967811,3.776342757207355,0.0
mtd_ai,200,0.005071452269151036,0.4934210526315789,6580.869564599206,0.25333333333333335,150,5,0.12888888888888891,0.8679185071967811,3.776342757207355,0.0
mtd_ai,200,0.005063156533256633,0.375,1927.127432117861,0.05333333333333334,150,5,0.08133333333333333,0.2708378935316183,1.0758082034327245,0.0
mtd_ai,200,0.005063156533256633,0.3488372093023256,4514.059593771811,0.10666666666666667,150,5,0.08133333333333333,0.2708378935316183,1.0758082034327245,0.0
mtd_ai,200,0.005063156533256633,0.3813559322033898,5937.884469445113,0.15333333333333332,150,5,0.08133333333333333,0.2708378935316183,1.0758082034327245,0.0
mtd_ai,200,0.005063156533256633,0.42857142857142855,6465.241025513709,0.20666666666666667,150,5,0.08133333333333333,0.2708378935316183,1.0758082034327245,0.0
mtd_ai,200,0.005063156533256633,0.4573170731707317,6990.328107676843,0.25333333333333335,150,5,0.08133333333333333,0.2708378935316183,1.0758082034327245,0.0
mtd_ai,200,0.005083374905469666,0.4166666666666667,1391.6237957965482,0.05333333333333334,150,5,0.1631111111111111,0.8808752108127056,1.8752899371266194,0.0
mtd_ai,200,0.005083374905469666,0.4166666666666667,2873.5178758882794,0.10666666666666667,150,5,0.1631111111111111,0.8808752108127056,1.8752899371266194,0.0
mtd_ai,200,0.005083374905469666,0.4326923076923077,4627.60406486023,0.15333333333333332,150,5,0.1631111111111111,0.8808752108127056,1.8752899371266194,0.0
mtd_ai,200,0.005083374905469666,0.46875,5027.034292481523,0.20666666666666667,150,5,0.1631111111111111,0.8808752108127056,1.8752899371266194,0.0
mtd_ai,200,0.005083374905469666,0.5067567567567568,5606.350296701961,0.25333333333333335,150,5,0.1631111111111111,0.8808752108127056,1.8752899371266194,0.0
mtd_ai,200,0.005060556036273614,0.3409090909090909,2847.432612745495,0.05333333333333334,150,5,0.07,0.7112297013156513,0.9101573143307855,0.0
mtd_ai,200,0.005060556036273614,0.3191489361702128,5537.471994803966,0.10666666666666667,150,5,0.07,0.7112297013156513,0.9101573143307855,0.0
mtd_ai,200,0.005060556036273614,0.3813559322033898,6013.766227711118,0.15333333333333332,150,5,0.07,0.7112297013156513,0.9101573143307855,0.0
mtd_ai,200,0.005060556036273614,0.4225352112676056,6662.005372344249,0.20666666666666667,150,5,0.07,0.7112297013156513,0.9101573143307855,0.0
mtd_ai,200,0.005060556036273614,0.4573170731707317,7208.570801387217,0.25333333333333335,150,5,0.07,0.7112297013156513,0.9101573143307855,0.0
mtd_ai,200,0.005058778419283053,0.20270270270270271,5071.106981251827,0.05333333333333334,150,5,0.1161111111111111,2.842720373915372,5.325267416530065,0.0
mtd_ai,200,0.005058778419283053,0.29411764705882354,6183.0723902843365,0.10666666666666667,150,5,0.1161111111111111,2.842720373915372,5.325267416530065,0.0
mtd_ai,200,0.005058778419283053,0.375,6674.4108199851,0.15333333333333332,150,5,0.1161111111111111,2.842720373915372,5.325267416530065,0.0
mtd_ai,200,0.005058778419283053,0.4166666666666667,7304.248757892048,0.20666666666666667,150,5,0.1161111111111111,2.842720373915372,5.325267416530065,0.0
mtd_ai,200,0.005058778419283053,0.46296296296296297,7607.769300487949,0.25333333333333335,150,5,0.1161111111111111,2.842720373915372,5.325267416530065,0.0
mtd_ai,200,0.00507551761702232,0.3125,2568.7041742846523,0.05333333333333334,150,5,0.12333333333333334,0.6027605792204832,1.6857145944778802,0.0
mtd_ai,200,0.00507551761702232,0.40540540540540543,3655.090818396373,0.10666666666666667,150,5,0.12333333333333334,0.6027605792204832,1.6857145944778802,0.0
mtd_ai,200,0.00507551761702232,0.4411764705882353,5168.920152035886,0.15333333333333332,150,5,0.12333333333333334,0.6027605792204832,1.6857145944778802,0.0
mtd_ai,200,0.00507551761702232,0.4918032786885246,5537.02757781042,0.20666666666666667,150,5,0.12333333333333334,0.6027605792204832,1.6857145944778802,0.0
mtd_ai,200,0.00507551761702232,0.5067567567567568,6369.169819197832,0.25333333333333335,150,5,0.12333333333333334,0.6027605792204832,1.6857145944778802,0.0
mtd_ai,200,0.0050973854888187895,0.32608695652173914,1786.6651482235484,0.05333333333333334,150,5,0.1,0.03239866248485675,0.11443918104487155,0.0
mtd_ai,200,0.0050973854888187895,0.36585365853658536,3066.011679443469,0.10666666666666667,150,5,0.1,0.03239866248485675,0.11443918104487155,0.0
mtd_ai,200,0.0050973854888187895,0.4326923076923077,3702.2658251498046,0.15333333333333332,150,5,0.1,0.03239866248485675,0.11443918104487155,0.0
mtd_ai,200,0.0050973854888187895,0.4918032786885246,4144.404562609356,0.20666666666666667,150,5,0.1,0.03239866248485675,0.11443918104487155,0.0
mtd_ai,200,0.0050973854888187895,0.5067567567567568,4762.899209329508,0.25333333333333335,150,5,0.1,0.03239866248485675,0.11443918104487155,0.0
mtd_ai,200,0.005078735765792882,0.26785714285714285,3138.1809789726753,0.05333333333333334,150,5,0.10777777777777776,0.6541107617082857,0.927202711090962,0.0
mtd_ai,200,0.005078735765792882,0.38461538461538464,3931.402090160237,0.10666666666666667,150,5,0.10777777777777776,0.6541107617082857,0.927202711090962,0.0
mtd_ai,200,0.005078735765792882,0.46875,4261.946916332436,0.15333333333333332,150,5,0.10777777777777776,0.6541107617082857,0.927202711090962,0.0
mtd_ai,200,0.005078735765792882,0.4838709677419355,5612.198463436915,0.20666666666666667,150,5,0.10777777777777776,0.6541107617082857,0.927202711090962,0.0
mtd_ai,200,0.005078735765792882,0.5136986301369864,6133.913738531213,0.25333333333333335,150,5,0.10777777777777776,0.6541107617082857,0.927202711090962,0.0
mtd_ai,200,0.005060944246962702,0.375,2074.6314870138917,0.05333333333333334,150,5,0.14566666666666667,1.0700439449778183,3.499734431134616,0.0
mtd_ai,200,0.005060944246962702,0.39473684210526316,3529.3253430032737,0.10666666666666667,150,5,0.14566666666666667,1.0700439449778183,3.499734431134616,0.0
mtd_ai,200,0.005060944246962702,0.4326923076923077,4736.827075827158,0.15333333333333332,150,5,0.14566666666666667,1.0700439449778183,3.499734431134616,0.0
mtd_ai,200,0.005060944246962702,0.40540540540540543,6742.7321690565195,0.20666666666666667,150,5,0.14566666666666667,1.0700439449778183,3.499734431134616,0.0
mtd_ai,200,0.005060944246962702,0.4411764705882353,7316.608415801676,0.25333333333333335,150,5,0.14566666666666667,1.0700439449778183,3.499734431134616,0.0
mtd_ai,200,0.005086692913939923,0.28846153846153844,2821.435089875349,0.05333333333333334,150,5,0.13555555555555554,0.4519279132637812,1.2843749642420441,0.0
mtd_ai,200,0.005086692913939923,0.38461538461538464,3496.1037156819098,0.10666666666666667,150,5,0.13555555555555554,0.4519279132637812,1.2843749642420441,0.0
mtd_ai,200,0.005086692913939923,0.45,4151.317084192744,0.15333333333333332,150,5,0.13555555555555554,0.4519279132637812,1.2843749642420441,0.0
mtd_ai,200,0.005086692913939923,0.4838709677419355,4839.147252888641,0.20666666666666667,150,5,0.13555555555555554,0.4519279132637812,1.2843749642420441,0.0
mtd_ai,200,0.005086692913939923,0.5136986301369864,5433.072918270234,0.25333333333333335,150,5,0.13555555555555554,0.4519279132637812,1.2843749642420441,0.0
mtd_ai,200,0.005074317172380566,0.25862068965517243,2715.661431798003,0.05333333333333334,150,5,0.09333333333333334,0.13712192786006128,0.3665215982875311,0.0
mtd_ai,200,0.005074317172380566,0.3409090909090909,4171.649939499795,0.10666666666666667,150,5,0.09333333333333334,0.13712192786006128,0.3665215982875311,0.0
mtd_ai,200,0.005074317172380566,0.39473684210526316,4737.261123631479,0.15333333333333332,150,5,0.09333333333333334,0.13712192786006128,0.3665215982875311,0.0
mtd_ai,200,0.005074317172380566,0.42857142857142855,5350.697268684174,0.20666666666666667,150,5,0.09333333333333334,0.13712192786006128,0.3665215982875311,0.0
mtd_ai,200,0.005074317172380566,0.4573170731707317,6019.244157282792,0.25333333333333335,150,5,0.09333333333333334,0.13712192786006128,0.3665215982875311,0.0
mtd_ai,200,0.005075955716944845,0.3125,2414.82376778216,0.05333333333333334,150,5,0.07692307692307693,1.4499473280922213,1.7068163873769557,0.0
mtd_ai,200,0.005075955716944845,0.32608695652173914,4816.117135381142,0.10666666666666667,150,5,0.07692307692307693,1.4499473280922213,1.7068163873769557,0.0
mtd_ai,200,0.005075955716944845,0.4017857142857143,5175.251056775606,0.15333333333333332,150,5,0.07692307692307693,1.4499473280922213,1.7068163873769557,0.0
mtd_ai,200,0.005075955716944845,0.43478260869565216,5817.995801817917,0.20666666666666667,150,5,0.07692307692307693,1.4499473280922213,1.7068163873769557,0.0
mtd_ai,200,0.005075955716944845,0.4934210526315789,6149.800169286616,0.25333333333333335,150,5,0.07692307692307693,1.4499473280922213,1.7068163873769557,0.0
mtd_ai,200,0.005071778963135843,0.26785714285714285,3017.2130162279113,0.05333333333333334,150,5,0.09333333333333334,1.8666349015738595,5.67967931805952,0.0
mtd_ai,200,0.005071778963135843,0.30612244897959184,5283.504418945984,0.10666666666666667,150,5,0.09333333333333334,1.8666349015738595,5.67967931805952,0.0
mtd_ai,200,0.005071778963135843,0.4017857142857143,5674.12426413693,0.15333333333333332,150,5,0.09333333333333334,1.8666349015738595,5.67967931805952,0.0
mtd_ai,200,0.005071778963135843,0.43478260869565216,6072.328882123431,0.20666666666666667,150,5,0.09333333333333334,1.8666349015738595,5.67967931805952,0.0
mtd_ai,200,0.005071778963135843,0.47468354430379744,6445.174333467037,0.25333333333333335,150,5,0.09333333333333334,1.8666349015738595,5.67967931805952,0.0
mtd_ai,200,0.005083289156498687,0.3409090909090909,2450.5647123219533,0.05333333333333334,150,5,0.12833333333333333,7.51169527814609,6.971568135323107,0.0
mtd_ai,200,0.005083289156498687,0.375,3698.596914518923,0.10666666666666667,150,5,0.12833333333333333,7.51169527814609,6.971568135323107,0.0
mtd_ai,200,0.005083289156498687,0.45,4262.900051442443,0.15333333333333332,150,5,0.12833333333333333,7.51169527814609,6.971568135323107,0.0
mtd_ai,200,0.005083289156498687,0.5,4692.686407556072,0.20666666666666667,150,5,0.12833333333333333,7.51169527814609,6.971568135323107,0.0
mtd_ai,200,0.005083289156498687,0.5067567567567568,5305.252192168018,0.25333333333333335,150,5,0.12833333333333333,7.51169527814609,6.971568135323107,0.0
mtd_ai,200,0.005077316186106711,0.3,2672.882624359797,0.05333333333333334,150,5,0.12,0.4152477067865153,0.9571044793229284,0.0
mtd_ai,200,0.005077316186106711,0.3409090909090909,4076.4841212927613,0.10666666666666667,150,5,0.12,0.4152477067865153,0.9571044793229284,0.0
mtd_ai,200,0.005077316186106711,0.3879310344827586,4942.794256727599,0.15333333333333332,150,5,0.12,0.4152477067865153,0.9571044793229284,0.0
mtd_ai,200,0.005077316186106711,0.43478260869565216,5453.258270353559,0.20666666666666667,150,5,0.12,0.4152477067865153,0.9571044793229284,0.0
mtd_ai,200,0.005077316186106711,0.4573170731707317,5905.256632988369,0.25333333333333335,150,5,0.12,0.4152477067865153,0.9571044793229284,0.0
mtd_ai,200,0.005070237153564498,0.26785714285714285,2999.691175291593,0.05333333333333334,150,5,0.13647619047619047,0.8805694214986367,3.6191908188125486,0.0
mtd_ai,200,0.005070237153564498,0.39473684210526316,3784.595368745254,0.10666666666666667,150,5,0.13647619047619047,0.8805694214986367,3.6191908188125486,0.0
mtd_ai,200,0.005070237153564498,0.4891304347826087,4045.3342020750015,0.15333333333333332,150,5,0.13647619047619047,0.8805694214986367,3.6191908188125486,0.0
mtd_ai,200,0.005070237153564498,0.45454545454545453,6073.358038913904,0.20666666666666667,150,5,0.13647619047619047,0.8805694214986367,3.6191908188125486,0.0
mtd_ai,200,0.005070237153564498,0.5,6486.112073016589,0.25333333333333335,150,5,0.13647619047619047,0.8805694214986367,3.6191908188125486,0.0
mtd_ai,200,0.005056462930581392,0.17857142857142858,4939.04601994702,0.05333333333333334,150,5,0.12222222222222222,0.5497778675935322,1.5845230944764692,0.0
mtd_ai,200,0.005056462930581392,0.2777777777777778,5755.002280822405,0.10666666666666667,150,5,0.12222222222222222,0.5497778675935322,1.5845230944764692,0.0
mtd_ai,200,0.005056462930581392,0.3358208955223881,6537.993801574437,0.15333333333333332,150,5,0.12222222222222222,0.5497778675935322,1.5845230944764692,0.0
mtd_ai,200,0.005056462930581392,0.375,7505.842302080677,0.20666666666666667,150,5,0.12222222222222222,0.5497778675935322,1.5845230944764692,0.0
mtd_ai,200,0.005056462930581392,0.42613636363636365,7931.895762969983,0.25333333333333335,150,5,0.12222222222222222,0.5497778675935322,1.5845230944764692,0.0
mtd_ai,200,0.00508033333239644,0.375,1898.4153802048645,0.05333333333333334,150,5,0.15277777777777776,0.04633276178642831,0.19150423718078258,0.0
mtd_ai,200,0.00508033333239644,0.375,4288.22335649489,0.10666666666666667,150,5,0.15277777777777776,0.04633276178642831,0.19150423718078258,0.0
mtd_ai,200,0.00508033333239644,0.4411764705882353,4769.74558757461,0.15333333333333332,150,5,0.15277777777777776,0.04633276178642831,0.19150423718078258,0.0
mtd_ai,200,0.00508033333239644,0.4918032786885246,5122.739544481227,0.20666666666666667,150,5,0.15277777777777776,0.04633276178642831,0.19150423718078258,0.0
mtd_ai,200,0.00508033333239644,0.5067567567567568,5775.26266286184,0.25333333333333335,150,5,0.15277777777777776,0.04633276178642831,0.19150423718078258,0.0
mtd_ai,200,0.005075371146051449,0.28846153846153844,3309.3783004662127,0.05333333333333334,150,5,0.09733333333333333,0.06917988229665194,0.3106506855594854,0.0
mtd_ai,200,0.005075371146051449,0.375,4106.710628166651,0.10666666666666667,150,5,0.09733333333333333,0.06917988229665194,0.3106506855594854,0.0
mtd_ai,200,0.005075371146051449,0.4411764705882353,4660.860816958596,0.15333333333333332,150,5,0.09733333333333333,0.06917988229665194,0.3106506855594854,0.0
mtd_ai,200,0.005075371146051449,0.44776119402985076,5873.587483229654,0.20666666666666667,150,5,0.09733333333333333,0.06917988229665194,0.3106506855594854,0.0
mtd_ai,200,0.005075371146051449,0.4934210526315789,6296.988819305344,0.25333333333333335,150,5,0.09733333333333333,0.06917988229665194,0.3106506855594854,0.0
mtd_ai,200,0.005078456631654414,0.24193548387096775,4216.012356057857,0.05333333333333334,150,5,0.12200000000000001,0.055902553860500095,0.16230187865656054,0.0
mtd_ai,200,0.005078456631654414,0.35714285714285715,4736.863533759223,0.10666666666666667,150,5,0.12200000000000001,0.055902553860500095,0.16230187865656054,0.0
mtd_ai,200,0.005078456631654414,0.45918367346938777,5088.435204435047,0.15333333333333332,150,5,0.12200000000000001,0.055902553860500095,0.16230187865656054,0.0
mtd_ai,200,0.005078456631654414,0.4838709677419355,5679.672981517024,0.20666666666666667,150,5,0.12200000000000001,0.055902553860500095,0.16230187865656054,0.0
mtd_ai,200,0.005078456631654414,0.5136986301369864,6123.35959638777,0.25333333333333335,150,5,0.12200000000000001,0.055902553860500095,0.16230187865656054,0.0
mtd_ai,200,0.0050801672067048,0.28846153846153844,2944.72982823792,0.05333333333333334,150,5,0.1,0.8141098560044585,3.597492415479982,0.0
mtd_ai,200,0.0050801672067048,0.375,3733.730389497629,0.10666666666666667,150,5,0.1,0.8141098560044585,3.597492415479982,0.0
mtd_ai,200,0.0050801672067048,0.4326923076923077,4770.578678532329,0.15333333333333332,150,5,0.1,0.8141098560044585,3.597492415479982,0.0
mtd_ai,200,0.0050801672067048,0.46875,5518.942382675862,0.20666666666666667,150,5,0.1,0.8141098560044585,3.597492415479982,0.0
mtd_ai,200,0.0050801672067048,0.5208333333333334,5891.929778605825,0.25333333333333335,150,5,0.1,0.8141098560044585,3.597492415479982,0.0
mtd_ai,200,0.00505647037823493,0.1875,5468.347393891818,0.05333333333333334,150,5,0.0911111111111111,1.2383803283832524,4.6906459769414885,0.0
mtd_ai,200,0.00505647037823493,0.2727272727272727,6427.037138395801,0.10666666666666667,150,5,0.0911111111111111,1.2383803283832524,4.6906459769414885,0.0
mtd_ai,200,0.00505647037823493,0.34615384615384615,6963.186128019648,0.15333333333333332,150,5,0.0911111111111111,1.2383803283832524,4.6906459769414885,0.0
mtd_ai,200,0.00505647037823493,0.38961038961038963,7551.376450198774,0.20666666666666667,150,5,0.0911111111111111,1.2383803283832524,4.6906459769414885,0.0
mtd_ai,200,0.00505647037823493,0.42134831460674155,8245.058353302145,0.25333333333333335,150,5,0.0911111111111111,1.2383803283832524,4.6906459769414885,0.0
mtd_ai,200,0.0050890872246041555,0.3409090909090909,2451.8281311700657,0.05333333333333334,150,5,0.11833333333333333,0.5246334037669492,2.2823740408951405,0.0
mtd_ai,200,0.0050890872246041555,0.42857142857142855,3257.503616831359,0.10666666666666667,150,5,0.11833333333333333,0.5246334037669492,2.2823740408951405,0.0
mtd_ai,200,0.0050890872246041555,0.4787234042553192,4283.043986728351,0.15333333333333332,150,5,0.11833333333333333,0.5246334037669492,2.2823740408951405,0.0
mtd_ai,200,0.0050890872246041555,0.5172413793103449,4824.93199591628,0.20666666666666667,150,5,0.11833333333333333,0.5246334037669492,2.2823740408951405,0.0
mtd_ai,200,0.0050890872246041555,0.5681818181818182,5183.249506095695,0.25333333333333335,150,5,0.11833333333333333,0.5246334037669492,2.2823740408951405,0.0
mtd_ai,200,0.0050791108364004875,0.2777777777777778,3136.968187320191,0.05333333333333334,150,5,0.1,0.4480131799599172,1.5570828337653784,0.0
mtd_ai,200,0.0050791108364004875,0.35714285714285715,4354.188305188994,0.10666666666666667,150,5,0.1,0.4480131799599172,1.5570828337653784,0.0
mtd_ai,200,0.0050791108364004875,0.4166666666666667,5110.542585078569,0.15333333333333332,150,5,0.1,0.4480131799599172,1.5570828337653784,0.0
mtd_ai,200,0.0050791108364004875,0.46153846153846156,5567.198645371452,0.20666666666666667,150,5,0.1,0.4480131799599172,1.5570828337653784,0.0
mtd_ai,200,0.0050791108364004875,0.487012987012987,6000.978406686301,0.25333333333333335,150,5,0.1,0.4480131799599172,1.5570828337653784,0.0
mtd_ai,200,0.005074997615106253,0.2777777777777778,2755.1005257848383,0.05333333333333334,150,5,0.2,0.5640601712910366,2.067822326141984,0.0
mtd_ai,200,0.005074997615106253,0.375,3628.909481483774,0.10666666666666667,150,5,0.2,0.5640601712910366,2.067822326141984,0.0
mtd_ai,200,0.005074997615106253,0.4166666666666667,4623.955420456003,0.15333333333333332,150,5,0.2,0.5640601712910366,2.067822326141984,0.0
mtd_ai,200,0.005074997615106253,0.43478260869565216,5495.700871004368,0.20666666666666667,150,5,0.2,0.5640601712910366,2.067822326141984,0.0
mtd_ai,200,0.005074997615106253,0.46296296296296297,6103.905102655966,0.25333333333333335,150,5,0.2,0.5640601712910366,2.067822326141984,0.0
mtd_ai,200,0.005069980545058983,0.26785714285714285,3177.2921335382603,0.05333333333333334,150,5,0.09904761904761905,0.1718868819695203,0.5640660223913979,0.0
mtd_ai,200,0.005069980545058983,0.3409090909090909,4235.938122358784,0.10666666666666667,150,5,0.09904761904761905,0.1718868819695203,0.5640660223913979,0.0
mtd_ai,200,0.005069980545058983,0.4166666666666667,4700.276581525661,0.15333333333333332,150,5,0.09904761904761905,0.1718868819695203,0.5640660223913979,0.0
mtd_ai,200,0.005069980545058983,0.4411764705882353,5615.163393202794,0.20666666666666667,150,5,0.09904761904761905,0.1718868819695203,0.5640660223913979,0.0
mtd_ai,200,0.005069980545058983,0.46296296296296297,6684.710299651382,0.25333333333333335,150,5,0.09904761904761905,0.1718868819695203,0.5640660223913979,0.0
mtd_ai,200,0.005087024960932914,0.32608695652173914,2792.7769436525223,0.05333333333333334,150,5,0.13388888888888892,1.6674813111715114,2.276011325755499,0.0
mtd_ai,200,0.005087024960932914,0.39473684210526316,4034.5445371516657,0.10666666666666667,150,5,0.13388888888888892,1.6674813111715114,2.276011325755499,0.0
mtd_ai,200,0.005087024960932914,0.45918367346938777,4561.60463193821,0.15333333333333332,150,5,0.13388888888888892,1.6674813111715114,2.276011325755499,0.0
mtd_ai,200,0.005087024960932914,0.5,4958.755788986484,0.20666666666666667,150,5,0.13388888888888892,1.6674813111715114,2.276011325755499,0.0
mtd_ai,200,0.005087024960932914,0.5514705882352942,5258.458934639797,0.25333333333333335,150,5,0.13388888888888892,1.6674813111715114,2.276011325755499,0.0
mtd_ai,200,0.005076058110374382,0.39473684210526316,1768.5808495133028,0.05333333333333334,150,5,0.13444444444444442,1.5864502384539956,4.857920887486981,0.0
mtd_ai,200,0.005076058110374382,0.38461538461538464,3715.1799922863675,0.10666666666666667,150,5,0.13444444444444442,1.5864502384539956,4.857920887486981,0.0
mtd_ai,200,0.005076058110374382,0.4166666666666667,4720.861645302595,0.15333333333333332,150,5,0.13444444444444442,1.5864502384539956,4.857920887486981,0.0
mtd_ai,200,0.005076058110374382,0.42857142857142855,5896.944185453931,0.20666666666666667,150,5,0.13444444444444442,1.5864502384539956,4.857920887486981,0.0
mtd_ai,200,0.005076058110374382,0.47468354430379744,6258.154667849488,0.25333333333333335,150,5,0.13444444444444442,1.5864502384539956,4.857920887486981,0.0
mtd_ai,200,0.005069055478933226,0.21428571428571427,4388.407552742762,0.05333333333333334,150,5,0.4,4.601653397299175,7.07228924040778,0.0
mtd_ai,200,0.005069055478933226,0.29411764705882354,5323.563958316984,0.10666666666666667,150,5,0.4,4.601653397299175,7.07228924040778,0.0
mtd_ai,200,0.005069055478933226,0.35714285714285715,5958.131655900301,0.15333333333333332,150,5,0.4,4.601653397299175,7.07228924040778,0.0
mtd_ai,200,0.005069055478933226,0.410958904109589,6418.21264788683,0.20666666666666667,150,5,0.4,4.601653397299175,7.07228924040778,0.0
mtd_ai,200,0.005069055478933226,0.44642857142857145,6847.538370267761,0.25333333333333335,150,5,0.4,4.601653397299175,7.07228924040778,0.0
mtd_ai,200,0.005085864710689112,0.3125,2847.5233139820984,0.05333333333333334,150,5,0.17333333333333334,0.9849531901400415,3.9792649923850103,0.0
mtd_ai,200,0.005085864710689112,0.375,3991.2201924499636,0.10666666666666667,150,5,0.17333333333333334,0.9849531901400415,3.9792649923850103,0.0
mtd_ai,200,0.005085864710689112,0.4326923076923077,4753.780643348075,0.15333333333333332,150,5,0.17333333333333334,0.9849531901400415,3.9792649923850103,0.0
mtd_ai,200,0.005085864710689112,0.4838709677419355,5263.76498507975,0.20666666666666667,150,5,0.17333333333333334,0.9849531901400415,3.9792649923850103,0.0
mtd_ai,200,0.005085864710689112,0.5208333333333334,5720.605010417369,0.25333333333333335,150,5,0.17333333333333334,0.9849531901400415,3.9792649923850103,0.0
mtd_ai,200,0.005059348827217083,0.3,3062.814716731673,0.05333333333333334,150,5,0.12466666666666666,6.763991103578002,2.072618919466524,0.0
mtd_ai,200,0.005059348827217083,0.38461538461538464,3990.164930871637,0.10666666666666667,150,5,0.12466666666666666,6.763991103578002,2.072618919466524,0.0
mtd_ai,200,0.005059348827217083,0.4017857142857143,5521.6757061896105,0.15333333333333332,150,5,0.12466666666666666,6.763991103578002,2.072618919466524,0.0
mtd_ai,200,0.005059348827217083,0.42857142857142855,6464.0067618613175,0.20666666666666667,150,5,0.12466666666666666,6.763991103578002,2.072618919466524,0.0
mtd_ai,200,0.005059348827217083,0.4411764705882353,7806.510114275145,0.25333333333333335,150,5,0.12466666666666666,6.763991103578002,2.072618919466524,0.0
mtd_ai,200,0.0050671606409940975,0.3409090909090909,1913.4217663684426,0.05333333333333334,150,5,0.11,0.6299820067090672,2.6094516007988253,0.0
mtd_ai,200,0.0050671606409940975,0.4166666666666667,3188.372095019011,0.10666666666666667,150,5,0.11,0.6299820067090672,2.6094516007988253,0.0
mtd_ai,200,0.0050671606409940975,0.4891304347826087,3676.2417992938153,0.15333333333333332,150,5,0.11,0.6299820067090672,2.6094516007988253,0.0
mtd_ai,200,0.0050671606409940975,0.42857142857142855,6300.897716101393,0.20666666666666667,150,5,0.11,0.6299820067090672,2.6094516007988253,0.0
mtd_ai,200,0.0050671606409940975,0.46296296296296297,6848.900254113689,0.25333333333333335,150,5,0.11,0.6299820067090672,2.6094516007988253,0.0
mtd_ai,200,0.005092160384832091,0.35714285714285715,2242.9245800022477,0.05333333333333334,150,5,0.18444444444444444,1.3686868901514788,3.5941928886550016,0.0
mtd_ai,200,0.005092160384832091,0.40540540540540543,3464.6201078724303,0.10666666666666667,150,5,0.18444444444444444,1.3686868901514788,3.5941928886550016,0.0
mtd_ai,200,0.005092160384832091,0.46875,3907.297612038385,0.15333333333333332,150,5,0.18444444444444444,1.3686868901514788,3.5941928886550016,0.0
mtd_ai,200,0.005092160384832091,0.5,4580.195876267349,0.20666666666666667,150,5,0.18444444444444444,1.3686868901514788,3.5941928886550016,0.0
mtd_ai,200,0.005092160384832091,0.5208333333333334,5062.371748027409,0.25333333333333335,150,5,0.18444444444444444,1.3686868901514788,3.5941928886550016,0.0
mtd_ai,200,0.005076243797400759,0.3125,2475.4238750380146,0.05333333333333334,150,5,0.11333333333333333,0.7335372957743594,0.8450958351720524,0.0
mtd_ai,200,0.005076243797400759,0.40540540540540543,3444.5163117692528,0.10666666666666667,150,5,0.11333333333333333,0.7335372957743594,0.8450958351720524,0.0
mtd_ai,200,0.005076243797400759,0.4787234042553192,4080.9015817884365,0.15333333333333332,150,5,0.11333333333333333,0.7335372957743594,0.8450958351720524,0.0
mtd_ai,200,0.005076243797400759,0.46875,5596.604000607836,0.20666666666666667,150,5,0.11333333333333333,0.7335372957743594,0.8450958351720524,0.0
mtd_ai,200,0.005076243797400759,0.5136986301369864,6067.619558468056,0.25333333333333335,150,5,0.11333333333333333,0.7335372957743594,0.8450958351720524,0.0
mtd_ai,200,0.005076777018955791,0.25,2860.3061590897496,0.05333333333333334,150,5,0.12111111111111111,1.3396268296585236,3.718933659261233,0.0
mtd_ai,200,0.005076777018955791,0.38461538461538464,3151.150295389738,0.10666666666666667,150,5,0.12111111111111111,1.3396268296585236,3.718933659261233,0.0
mtd_ai,200,0.005076777018955791,0.375,5154.496111086729,0.15333333333333332,150,5,0.12111111111111111,1.3396268296585236,3.718933659261233,0.0
mtd_ai,200,0.005076777018955791,0.4225352112676056,5596.754856679302,0.20666666666666667,150,5,0.12111111111111111,1.3396268296585236,3.718933659261233,0.0
mtd_ai,200,0.005076777018955791,0.4573170731707317,6068.725897346934,0.25333333333333335,150,5,0.12111111111111111,1.3396268296585236,3.718933659261233,0.0
mtd_ai,200,0.005062068323128735,0.20270270270270271,5203.17853553911,0.05333333333333334,150,5,0.09888888888888889,3.093705026374371,6.231333119798175,0.0
mtd_ai,200,0.005062068323128735,0.3125,5962.994973078933,0.10666666666666667,150,5,0.09888888888888889,3.093705026374371,6.231333119798175,0.0
mtd_ai,200,0.005062068323128735,0.375,6545.541550033765,0.15333333333333332,150,5,0.09888888888888889,3.093705026374371,6.231333119798175,0.0
mtd_ai,200,0.005062068323128735,0.42857142857142855,7024.17525013134,0.20666666666666667,150,5,0.09888888888888889,3.093705026374371,6.231333119798175,0.0
mtd_ai,200,0.005062068323128735,0.487012987012987,7288.4496348643315,0.25333333333333335,150,5,0.09888888888888889,3.093705026374371,6.231333119798175,0.0
mtd_ai,200,0.0050588417151392635,0.35714285714285715,1710.396459328616,0.05333333333333334,150,5,0.09,1.8928077376282448,5.7665176699995655,0.0
mtd_ai,200,0.0050588417151392635,0.32608695652173914,4327.951291011419,0.10666666666666667,150,5,0.09,1.8928077376282448,5.7665176699995655,0.0
mtd_ai,200,0.0050588417151392635,0.3409090909090909,5755.744216172527,0.15333333333333332,150,5,0.09,1.8928077376282448,5.7665176699995655,0.0
mtd_ai,200,0.0050588417151392635,0.38961038961038963,6375.238305365862,0.20666666666666667,150,5,0.09,1.8928077376282448,5.7665176699995655,0.0
mtd_ai,200,0.0050588417151392635,0.4076086956521739,7391.821986158926,0.25333333333333335,150,5,0.09,1.8928077376282448,5.7665176699995655,0.0
mtd_ai,200,0.005089128961878529,0.4166666666666667,1851.1737932059586,0.05333333333333334,150,5,0.3333333333333333,1.2048857882282515,1.918150962671127,0.0
mtd_ai,200,0.005089128961878529,0.4166666666666667,3350.8925551777575,0.10666666666666667,150,5,0.3333333333333333,1.2048857882282515,1.918150962671127,0.0
mtd_ai,200,0.005089128961878529,0.4891304347826087,3851.2984382758577,0.15333333333333332,150,5,0.3333333333333333,1.2048857882282515,1.918150962671127,0.0
mtd_ai,200,0.005089128961878529,0.4918032786885246,4602.951912025637,0.20666666666666667,150,5,0.3333333333333333,1.2048857882282515,1.918150962671127,0.0
mtd_ai,200,0.005089128961878529,0.5208333333333334,5189.549037160079,0.25333333333333335,150,5,0.3333333333333333,1.2048857882282515,1.918150962671127,0.0
mtd_ai,200,0.005079469990954116,0.3409090909090909,2406.2917803785444,0.05333333333333334,150,5,0.15333333333333332,0.9928209867228536,1.9347405574465526,0.0
mtd_ai,200,0.005079469990954116,0.36585365853658536,4568.943845999751,0.10666666666666667,150,5,0.15333333333333332,0.9928209867228536,1.9347405574465526,0.0
mtd_ai,200,0.005079469990954116,0.4326923076923077,5083.616933128193,0.15333333333333332,150,5,0.15333333333333332,0.9928209867228536,1.9347405574465526,0.0
mtd_ai,200,0.005079469990954116,0.46875,5794.538545428321,0.20666666666666667,150,5,0.15333333333333332,0.9928209867228536,1.9347405574465526,0.0
mtd_ai,200,0.005079469990954116,0.5208333333333334,6017.012029097321,0.25333333333333335,150,5,0.15333333333333332,0.9928209867228536,1.9347405574465526,0.0
mtd_ai,200,0.005072033684494581,0.3,2380.0498949967437,0.05333333333333334,150,5,0.10888888888888891,2.049725757434468,3.7943368817331806,0.0
mtd_ai,200,0.005072033684494581,0.3333333333333333,4088.169275137029,0.10666666666666667,150,5,0.10888888888888891,2.049725757434468,3.7943368817331806,0.0
mtd_ai,200,0.005072033684494581,0.4017857142857143,4914.540040333141,0.15333333333333332,150,5,0.10888888888888891,2.049725757434468,3.7943368817331806,0.0
mtd_ai,200,0.005072033684494581,0.4225352112676056,5525.471404154373,0.20666666666666667,150,5,0.10888888888888891,2.049725757434468,3.7943368817331806,0.0
mtd_ai,200,0.005072033684494581,0.46296296296296297,6091.626186652781,0.25333333333333335,150,5,0.10888888888888891,2.049725757434468,3.7943368817331806,0.0
mtd_ai,200,0.005061119025253013,0.375,1471.5481368442092,0.05333333333333334,150,5,0.09666666666666666,1.0241646411105783,3.9909126663284034,0.0
mtd_ai,200,0.005061119025253013,0.28846153846153844,5130.403148985408,0.10666666666666667,150,5,0.09666666666666666,1.0241646411105783,3.9909126663284034,0.0
mtd_ai,200,0.005061119025253013,0.36885245901639346,5542.110485835425,0.15333333333333332,150,5,0.09666666666666666,1.0241646411105783,3.9909126663284034,0.0
mtd_ai,200,0.005061119025253013,0.4,6537.811502755469,0.20666666666666667,150,5,0.09666666666666666,1.0241646411105783,3.9909126663284034,0.0
mtd_ai,200,0.005061119025253013,0.4411764705882353,6981.648277890801,0.25333333333333335,150,5,0.09666666666666666,1.0241646411105783,3.9909126663284034,0.0
mtd_ai,200,0.005089810220838672,0.39473684210526316,1390.8080435478705,0.05333333333333334,150,5,0.09444444444444446,9.410455634192424,7.329920167492358,0.0
mtd_ai,200,0.005089810220838672,0.3409090909090909,3760.085574826903,0.10666666666666667,150,5,0.09444444444444446,9.410455634192424,7.329920167492358,0.0
mtd_ai,200,0.005089810220838672,0.42452830188679247,4295.641683922552,0.15333333333333332,150,5,0.09444444444444446,9.410455634192424,7.329920167492358,0.0
mtd_ai,200,0.005089810220838672,0.46875,4804.726867376787,0.20666666666666667,150,5,0.09444444444444446,9.410455634192424,7.329920167492358,0.0
mtd_ai,200,0.005089810220838672,0.4934210526315789,5231.049925664391,0.25333333333333335,150,5,0.09444444444444446,9.410455634192424,7.329920167492358,0.0
mtd_ai,200,0.005068200730113599,0.25862068965517243,3017.54075835444,0.05333333333333334,150,5,0.2086111111111111,3.969218779756515,5.35620979948308,0.0
mtd_ai,200,0.005068200730113599,0.3409090909090909,3874.7117392137948,0.10666666666666667,150,5,0.2086111111111111,3.969218779756515,5.35620979948308,0.0
mtd_ai,200,0.005068200730113599,0.3629032258064516,5009.906844882202,0.15333333333333332,150,5,0.2086111111111111,3.969218779756515,5.35620979948308,0.0
mtd_ai,200,0.005068200730113599,0.38961038961038963,6306.264022995865,0.20666666666666667,150,5,0.2086111111111111,3.969218779756515,5.35620979948308,0.0
mtd_ai,200,0.005068200730113599,0.43103448275862066,6747.9280334754585,0.25333333333333335,150,5,0.2086111111111111,3.969218779756515,5.35620979948308,0.0
mtd_ai,200,0.005075468996006843,0.375,1958.4142037152014,0.05333333333333334,150,5,0.11333333333333333,0.4350766577162912,1.9550584212172692,0.0
mtd_ai,200,0.005075468996006843,0.4166666666666667,3846.732637821788,0.10666666666666667,150,5,0.11333333333333333,0.4350766577162912,1.9550584212172692,0.0
mtd_ai,200,0.005075468996006843,0.4326923076923077,5100.397221748986,0.15333333333333332,150,5,0.11333333333333333,0.4350766577162912,1.9550584212172692,0.0
mtd_ai,200,0.005075468996006843,0.47619047619047616,5597.08431022822,0.20666666666666667,150,5,0.11333333333333333,0.4350766577162912,1.9550584212172692,0.0
mtd_ai,200,0.005075468996006843,0.4934210526315789,6337.352835190533,0.25333333333333335,150,5,0.11333333333333333,0.4350766577162912,1.9550584212172692,0.0
mtd_ai,200,0.0050761093530004,0.2777777777777778,3035.0216559052205,0.05333333333333334,150,5,0.11666666666666667,0.3516106180413687,1.291067115150241,0.0
mtd_ai,200,0.0050761093530004,0.3191489361702128,4597.4467520947765,0.10666666666666667,150,5,0.11666666666666667,0.3516106180413687,1.291067115150241,0.0
mtd_ai,200,0.0050761093530004,0.39473684210526316,5026.368114727241,0.15333333333333332,150,5,0.11666666666666667,0.3516106180413687,1.291067115150241,0.0
mtd_ai,200,0.0050761093530004,0.43478260869565216,5784.878508120839,0.20666666666666667,150,5,0.11666666666666667,0.3516106180413687,1.291067115150241,0.0
mtd_ai,200,0.0050761093530004,0.487012987012987,6066.9142610267,0.25333333333333335,150,5,0.11666666666666667,0.3516106180413687,1.291067115150241,0.0
mtd_ai,200,0.005088757719977136,0.3,3042.000890950537,0.05333333333333334,150,5,0.18093650793650792,1.2811583445926775,4.0899328456223385,0.0
mtd_ai,200,0.005088757719977136,0.38461538461538464,3913.447757571881,0.10666666666666667,150,5,0.18093650793650792,1.2811583445926775,4.0899328456223385,0.0
mtd_ai,200,0.005088757719977136,0.4787234042553192,4297.748461530304,0.15333333333333332,150,5,0.18093650793650792,1.2811583445926775,4.0899328456223385,0.0
mtd_ai,200,0.005088757719977136,0.5357142857142857,4768.9932982402515,0.20666666666666667,150,5,0.18093650793650792,1.2811583445926775,4.0899328456223385,0.0
mtd_ai,200,0.005088757719977136,0.5514705882352942,5246.71172681568,0.25333333333333335,150,5,0.18093650793650792,1.2811583445926775,4.0899328456223385,0.0
mtd_ai,200,0.0050680695070204835,0.25,3353.341369966398,0.05333333333333334,150,5,0.13333333333333333,0.9811150341408333,4.238327175917054,0.0
mtd_ai,200,0.0050680695070204835,0.32608695652173914,4525.900787757781,0.10666666666666667,150,5,0.13333333333333333,0.9811150341408333,4.238327175917054,0.0
mtd_ai,200,0.0050680695070204835,0.36885245901639346,5410.90802784213,0.15333333333333332,150,5,0.13333333333333333,0.9811150341408333,4.238327175917054,0.0
mtd_ai,200,0.0050680695070204835,0.39473684210526316,6188.977496723668,0.20666666666666667,150,5,0.13333333333333333,0.9811150341408333,4.238327175917054,0.0
mtd_ai,200,0.0050680695070204835,0.42134831460674155,6708.026686041284,0.25333333333333335,150,5,0.13333333333333333,0.9811150341408333,4.238327175917054,0.0
mtd_ai,200,0.00507987855468699,0.2777777777777778,3128.657253646382,0.05333333333333334,150,5,0.08,0.4621712280847946,1.7226032138784482,0.0
mtd_ai,200,0.00507987855468699,0.3488372093023256,4269.2604185325945,0.10666666666666667,150,5,0.08,0.4621712280847946,1.7226032138784482,0.0
mtd_ai,200,0.00507987855468699,0.4326923076923077,4742.890511284433,0.15333333333333332,150,5,0.08,0.4621712280847946,1.7226032138784482,0.0
mtd_ai,200,0.00507987855468699,0.46875,5402.504552749702,0.20666666666666667,150,5,0.08,0.4621712280847946,1.7226032138784482,0.0
mtd_ai,200,0.00507987855468699,0.5067567567567568,6056.577482454461,0.25333333333333335,150,5,0.08,0.4621712280847946,1.7226032138784482,0.0
mtd_ai,200,0.005074835188023515,0.234375,3542.9073735911506,0.05333333333333334,150,5,0.14200000000000002,0.9013941558762617,3.7174835645531257,0.0
mtd_ai,200,0.005074835188023515,0.32608695652173914,4693.863168528909,0.10666666666666667,150,5,0.14200000000000002,0.9013941558762617,3.7174835645531257,0.0
mtd_ai,200,0.005074835188023515,0.42452830188679247,5187.1064520039,0.15333333333333332,150,5,0.14200000000000002,0.9013941558762617,3.7174835645531257,0.0
mtd_ai,200,0.005074835188023515,0.46153846153846156,5746.653716035366,0.20666666666666667,150,5,0.14200000000000002,0.9013941558762617,3.7174835645531257,0.0
mtd_ai,200,0.005074835188023515,0.4934210526315789,6287.360190573874,0.25333333333333335,150,5,0.14200000000000002,0.9013941558762617,3.7174835645531257,0.0
mtd_ai,200,0.005076060401961661,0.28846153846153844,2728.6921629039825,0.05333333333333334,150,5,0.29411764705882354,0.5086926048171523,1.8952512973774036,0.0
mtd_ai,200,0.005076060401961661,0.3488372093023256,4423.871471376377,0.10666666666666667,150,5,0.29411764705882354,0.5086926048171523,1.8952512973774036,0.0
mtd_ai,200,0.005076060401961661,0.4411764705882353,4736.711131403421,0.15333333333333332,150,5,0.29411764705882354,0.5086926048171523,1.8952512973774036,0.0
mtd_ai,200,0.005076060401961661,0.46875,5669.9291944962915,0.20666666666666667,150,5,0.29411764705882354,0.5086926048171523,1.8952512973774036,0.0
mtd_ai,200,0.005076060401961661,0.5,6095.714051096554,0.25333333333333335,150,5,0.29411764705882354,0.5086926048171523,1.8952512973774036,0.0
mtd_ai,200,0.005092753878837376,0.3125,2610.4702000260822,0.05333333333333334,150,5,0.09666666666666666,0.3479983511362515,1.4844705421109432,0.0
mtd_ai,200,0.005092753878837376,0.39473684210526316,3504.593204601876,0.10666666666666667,150,5,0.09666666666666666,0.3479983511362515,1.4844705421109432,0.0
mtd_ai,200,0.005092753878837376,0.4326923076923077,4379.128003207706,0.15333333333333332,150,5,0.09666666666666666,0.3479983511362515,1.4844705421109432,0.0
mtd_ai,200,0.005092753878837376,0.47619047619047616,4863.082923145603,0.20666666666666667,150,5,0.09666666666666666,0.3479983511362515,1.4844705421109432,0.0
mtd_ai,200,0.005092753878837376,0.5136986301369864,5224.733120868967,0.25333333333333335,150,5,0.09666666666666666,0.3479983511362515,1.4844705421109432,0.0
mtd_ai,200,0.005072932466067396,0.24193548387096775,3726.5621940647375,0.05333333333333334,150,5,0.12277777777777779,0.5652949313390232,2.3755743628558497,0.0
mtd_ai,200,0.005072932466067396,0.3488372093023256,4491.490096340072,0.10666666666666667,150,5,0.12277777777777779,0.5652949313390232,2.3755743628558497,0.0
mtd_ai,200,0.005072932466067396,0.42452830188679247,5118.269816089962,0.15333333333333332,150,5,0.12277777777777779,0.5652949313390232,2.3755743628558497,0.0
mtd_ai,200,0.005072932466067396,0.47619047619047616,5595.336387682506,0.20666666666666667,150,5,0.12277777777777779,0.5652949313390232,2.3755743628558497,0.0
mtd_ai,200,0.005072932466067396,0.5136986301369864,6548.1966473823795,0.25333333333333335,150,5,0.12277777777777779,0.5652949313390232,2.3755743628558497,0.0
mtd_ai,200,0.005072305365345197,0.3409090909090909,1906.0978865229636,0.05333333333333334,150,5,0.10111111111111111,0.3905311846878133,1.2932100643738473,0.0
mtd_ai,200,0.005072305365345197,0.39473684210526316,2991.652462146845,0.10666666666666667,150,5,0.10111111111111111,0.3905311846878133,1.2932100643738473,0.0
mtd_ai,200,0.005072305365345197,0.4411764705882353,3870.422680129029,0.15333333333333332,150,5,0.10111111111111111,0.3905311846878133,1.2932100643738473,0.0
mtd_ai,200,0.005072305365345197,0.410958904109589,6216.770179973856,0.20666666666666667,150,5,0.10111111111111111,0.3905311846878133,1.2932100643738473,0.0
mtd_ai,200,0.005072305365345197,0.45180722891566266,6589.053298430815,0.25333333333333335,150,5,0.10111111111111111,0.3905311846878133,1.2932100643738473,0.0
mtd_ai,200,0.005082707781798372,0.32608695652173914,3033.646276456552,0.05333333333333334,150,5,0.11044444444444444,0.14700030965659897,0.4990242754794009,0.0
mtd_ai,200,0.005082707781798372,0.38461538461538464,4134.872524613057,0.10666666666666667,150,5,0.11044444444444444,0.14700030965659897,0.4990242754794009,0.0
mtd_ai,200,0.005082707781798372,0.4017857142857143,4858.359567765762,0.15333333333333332,150,5,0.11044444444444444,0.14700030965659897,0.4990242754794009,0.0
mtd_ai,200,0.005082707781798372,0.45454545454545453,5338.246384558424,0.20666666666666667,150,5,0.11044444444444444,0.14700030965659897,0.4990242754794009,0.0
mtd_ai,200,0.005082707781798372,0.4934210526315789,5721.748205906716,0.25333333333333335,150,5,0.11044444444444444,0.14700030965659897,0.4990242754794009,0.0
mtd_ai,200,0.0050878025923811595,0.39473684210526316,1877.5950557527094,0.05333333333333334,150,5,0.12555555555555556,0.15812951793881716,0.5135628339269301,0.0
mtd_ai,200,0.0050878025923811595,0.4411764705882353,2859.025167137825,0.10666666666666667,150,5,0.12555555555555556,0.15812951793881716,0.5135628339269301,0.0
mtd_ai,200,0.0050878025923811595,0.4411764705882353,4161.797272198337,0.15333333333333332,150,5,0.12555555555555556,0.15812951793881716,0.5135628339269301,0.0
mtd_ai,200,0.0050878025923811595,0.4838709677419355,4479.999812215539,0.20666666666666667,150,5,0.12555555555555556,0.15812951793881716,0.5135628339269301,0.0
mtd_ai,200,0.0050878025923811595,0.5208333333333334,5063.527491630093,0.25333333333333335,150,5,0.12555555555555556,0.15812951793881716,0.5135628339269301,0.0
mtd_ai,200,0.005086770229998209,0.375,2302.877735341838,0.05333333333333334,150,5,0.11555555555555555,0.6095918129678566,2.7251613743189993,0.0
mtd_ai,200,0.005086770229998209,0.36585365853658536,4221.15993462414,0.10666666666666667,150,5,0.11555555555555555,0.6095918129678566,2.7251613743189993,0.0
mtd_ai,200,0.005086770229998209,0.45,4635.265235637218,0.15333333333333332,150,5,0.11555555555555555,0.6095918129678566,2.7251613743189993,0.0
mtd_ai,200,0.005086770229998209,0.5172413793103449,4934.867837742029,0.20666666666666667,150,5,0.11555555555555555,0.6095918129678566,2.7251613743189993,0.0
mtd_ai,200,0.005086770229998209,0.5597014925373134,5444.951808809575,0.25333333333333335,150,5,0.11555555555555555,0.6095918129678566,2.7251613743189993,0.0
mtd_ai,200,0.005074250583213756,0.4411764705882353,1314.7679063133855,0.05333333333333334,150,5,0.11666666666666667,0.16493837570797537,0.5808975884259499,0.0
mtd_ai,200,0.005074250583213756,0.4166666666666667,2778.3766585806293,0.10666666666666667,150,5,0.11666666666666667,0.16493837570797537,0.5808975884259499,0.0
mtd_ai,200,0.005074250583213756,0.4017857142857143,4821.858469492723,0.15333333333333332,150,5,0.11666666666666667,0.16493837570797537,0.5808975884259499,0.0
mtd_ai,200,0.005074250583213756,0.43478260869565216,5495.2719798922135,0.20666666666666667,150,5,0.11666666666666667,0.16493837570797537,0.5808975884259499,0.0
mtd_ai,200,0.005074250583213756,0.46875,5995.622826790563,0.25333333333333335,150,5,0.11666666666666667,0.16493837570797537,0.5808975884259499,0.0
mtd_ai,200,0.005066501985524108,0.3,2205.228366805355,0.05333333333333334,150,5,0.1,1.5607736536041845,5.322418694867486,0.0
mtd_ai,200,0.005066501985524108,0.32608695652173914,4459.76523348854,0.10666666666666667,150,5,0.1,1.5607736536041845,5.322418694867486,0.0
mtd_ai,200,0.005066501985524108,0.3813559322033898,5449.715577355376,0.15333333333333332,150,5,0.1,1.5607736536041845,5.322418694867486,0.0
mtd_ai,200,0.005066501985524108,0.40540540540540543,6676.504754397933,0.20666666666666667,150,5,0.1,1.5607736536041845,5.322418694867486,0.0
mtd_ai,200,0.005066501985524108,0.436046511627907,7153.42627274943,0.25333333333333335,150,5,0.1,1.5607736536041845,5.322418694867486,0.0
mtd_ai,200,0.005115297916358375,0.39473684210526316,1343.457162456403,0.05333333333333334,150,5,0.13266666666666668,5.216426206869204,5.647216029870246,0.0
mtd_ai,200,0.005115297916358375,0.42857142857142855,2718.943903078245,0.10666666666666667,150,5,0.13266666666666668,5.216426206869204,5.647216029870246,0.0
mtd_ai,200,0.005115297916358375,0.5232558139534884,3242.936472217729,0.15333333333333332,150,5,0.13266666666666668,5.216426206869204,5.647216029870246,0.0
mtd_ai,200,0.005115297916358375,0.5555555555555556,3848.0009832596743,0.20666666666666667,150,5,0.13266666666666668,5.216426206869204,5.647216029870246,0.0
mtd_ai,200,0.005115297916358375,0.5952380952380952,4344.087300980525,0.25333333333333335,150,5,0.13266666666666668,5.216426206869204,5.647216029870246,0.0
mtd_ai,200,0.005069492136850455,0.3125,1982.8736644607156,0.05333333333333334,150,5,0.11,2.6990822721205174,2.489344706241353,0.0
mtd_ai,200,0.005069492136850455,0.3409090909090909,3870.791837413746,0.10666666666666667,150,5,0.11,2.6990822721205174,2.489344706241353,0.0
mtd_ai,200,0.005069492136850455,0.3879310344827586,5044.6651580307225,0.15333333333333332,150,5,0.11,2.6990822721205174,2.489344706241353,0.0
mtd_ai,200,0.005069492136850455,0.40540540540540543,6356.4305564965125,0.20666666666666667,150,5,0.11,2.6990822721205174,2.489344706241353,0.0
mtd_ai,200,0.005069492136850455,0.4573170731707317,6741.20371007478,0.25333333333333335,150,5,0.11,2.6990822721205174,2.489344706241353,0.0
mtd_ai,200,0.005088905995593407,0.25862068965517243,2945.9654303044426,0.05333333333333334,150,5,0.11111111111111109,0.22686696059053013,0.9978434314641914,0.0
mtd_ai,200,0.005088905995593407,0.36585365853658536,3831.484282866312,0.10666666666666667,150,5,0.11111111111111109,0.22686696059053013,0.9978434314641914,0.0
mtd_ai,200,0.005088905995593407,0.4090909090909091,4706.316897379655,0.15333333333333332,150,5,0.11111111111111109,0.22686696059053013,0.9978434314641914,0.0
mtd_ai,200,0.005088905995593407,0.45454545454545453,5169.269487420977,0.20666666666666667,150,5,0.11111111111111109,0.22686696059053013,0.9978434314641914,0.0
mtd_ai,200,0.005088905995593407,0.5136986301369864,5428.574098504401,0.25333333333333335,150,5,0.11111111111111109,0.22686696059053013,0.9978434314641914,0.0
mtd_ai,200,0.005074459218490378,0.26785714285714285,3896.433906165754,0.05333333333333334,150,5,0.156,0.9238325905987611,3.4347337698259777,0.0
mtd_ai,200,0.005074459218490378,0.375,4519.622505369233,0.10666666666666667,150,5,0.156,0.9238325905987611,3.4347337698259777,0.0
mtd_ai,200,0.005074459218490378,0.42452830188679247,5273.255507080093,0.15333333333333332,150,5,0.156,0.9238325905987611,3.4347337698259777,0.0
mtd_ai,200,0.005074459218490378,0.45454545454545453,5930.469271537754,0.20666666666666667,150,5,0.156,0.9238325905987611,3.4347337698259777,0.0
mtd_ai,200,0.005074459218490378,0.5067567567567568,6198.613288928161,0.25333333333333335,150,5,0.156,0.9238325905987611,3.4347337698259777,0.0
mtd_ai,200,0.005076059589019264,0.375,2689.161413340381,0.05333333333333334,150,5,0.09666666666666666,0.8484436373573486,1.5901021406506883,0.0
mtd_ai,200,0.005076059589019264,0.4838709677419355,3394.8634891872225,0.10666666666666667,150,5,0.09666666666666666,0.8484436373573486,1.5901021406506883,0.0
mtd_ai,200,0.005076059589019264,0.4787234042553192,4882.7418145556385,0.15333333333333332,150,5,0.09666666666666666,0.8484436373573486,1.5901021406506883,0.0
mtd_ai,200,0.005076059589019264,0.5172413793103449,5420.92402071938,0.20666666666666667,150,5,0.09666666666666666,0.8484436373573486,1.5901021406506883,0.0
mtd_ai,200,0.005076059589019264,0.5357142857142857,6326.879314076769,0.25333333333333335,150,5,0.09666666666666666,0.8484436373573486,1.5901021406506883,0.0
mtd_ai,200,0.005078207464201847,0.46875,1354.2919934871147,0.05333333333333334,150,5,0.14285714285714285,2.6413101945575854,5.8980663124609665,0.0
mtd_ai,200,0.005078207464201847,0.40540540540540543,3599.9332080928307,0.10666666666666667,150,5,0.14285714285714285,2.6413101945575854,5.8980663124609665,0.0
mtd_ai,200,0.005078207464201847,0.4411764705882353,4591.8921018012625,0.15333333333333332,150,5,0.14285714285714285,2.6413101945575854,5.8980663124609665,0.0
mtd_ai,200,0.005078207464201847,0.46153846153846156,5143.20948128016,0.20666666666666667,150,5,0.14285714285714285,2.6413101945575854,5.8980663124609665,0.0
mtd_ai,200,0.005078207464201847,0.5,5737.336175451046,0.25333333333333335,150,5,0.14285714285714285,2.6413101945575854,5.8980663124609665,0.0
mtd_ai,200,0.00506430769409384,0.1744186046511628,5388.0269927774725,0.05333333333333334,150,5,0.14,0.06527958830665544,0.2304719604701521,0.0
mtd_ai,200,0.00506430769409384,0.2777777777777778,5768.633323126134,0.10666666666666667,150,5,0.14,0.06527958830665544,0.2304719604701521,0.0
mtd_ai,200,0.00506430769409384,0.35714285714285715,6201.253991325435,0.15333333333333332,150,5,0.14,0.06527958830665544,0.2304719604701521,0.0
mtd_ai,200,0.00506430769409384,0.40540540540540543,6766.510211200823,0.20666666666666667,150,5,0.14,0.06527958830665544,0.2304719604701521,0.0
mtd_ai,200,0.00506430769409384,0.4411764705882353,7408.307552755142,0.25333333333333335,150,5,0.14,0.06527958830665544,0.2304719604701521,0.0
mtd_ai,200,0.0050751869733745465,0.28846153846153844,2990.4828848285574,0.05333333333333334,150,5,0.15666666666666668,0.21347907858046297,0.8446102274067867,0.0
mtd_ai,200,0.0050751869733745465,0.375,3903.3931509532663,0.10666666666666667,150,5,0.15666666666666668,0.21347907858046297,0.8446102274067867,0.0
mtd_ai,200,0.0050751869733745465,0.4090909090909091,4878.195946786767,0.15333333333333332,150,5,0.15666666666666668,0.21347907858046297,0.8446102274067867,0.0
mtd_ai,200,0.0050751869733745465,0.43478260869565216,5749.308696229852,0.20666666666666667,150,5,0.15666666666666668,0.21347907858046297,0.8446102274067867,0.0
mtd_ai,200,0.0050751869733745465,0.4807692307692308,6206.484940732067,0.25333333333333335,150,5,0.15666666666666668,0.21347907858046297,0.8446102274067867,0.0
mtd_ai,200,0.0050814923388331126,0.26785714285714285,3174.7285564423773,0.05333333333333334,150,5,0.13,0.27745854681517046,1.1710743145653524,0.0
mtd_ai,200,0.0050814923388331126,0.35714285714285715,3787.6126693470374,0.10666666666666667,150,5,0.13,0.27745854681517046,1.1710743145653524,0.0
mtd_ai,200,0.0050814923388331126,0.4017857142857143,4770.03918985915,0.15333333333333332,150,5,0.13,0.27745854681517046,1.1710743145653524,0.0
mtd_ai,200,0.0050814923388331126,0.4411764705882353,5420.836462210184,0.20666666666666667,150,5,0.13,0.27745854681517046,1.1710743145653524,0.0
mtd_ai,200,0.0050814923388331126,0.487012987012987,5750.376367830699,0.25333333333333335,150,5,0.13,0.27745854681517046,1.1710743145653524,0.0
mtd_ai,200,0.005068250315794494,0.28846153846153844,3217.967424753203,0.05333333333333334,150,5,0.26666666666666666,0.7391918776616718,2.308851722826751,0.0
mtd_ai,200,0.005068250315794494,0.3488372093023256,5099.106698309776,0.10666666666666667,150,5,0.26666666666666666,0.7391918776616718,2.308851722826751,0.0
mtd_ai,200,0.005068250315794494,0.42452830188679247,5603.568101904048,0.15333333333333332,150,5,0.26666666666666666,0.7391918776616718,2.308851722826751,0.0
mtd_ai,200,0.005068250315794494,0.45454545454545453,6287.719502913471,0.20666666666666667,150,5,0.26666666666666666,0.7391918776616718,2.308851722826751,0.0
mtd_ai,200,0.005068250315794494,0.487012987012987,6718.609291036312,0.25333333333333335,150,5,0.26666666666666666,0.7391918776616718,2.308851722826751,0.0
mtd_ai,200,0.00506923923160693,0.22727272727272727,4149.806247287361,0.05333333333333334,150,5,0.13385185185185186,0.23271920732896123,0.9386776144262257,0.0
mtd_ai,200,0.00506923923160693,0.32608695652173914,4737.67433451869,0.10666666666666667,150,5,0.13385185185185186,0.23271920732896123,0.9386776144262257,0.0
mtd_ai,200,0.00506923923160693,0.4017857142857143,5216.656407365843,0.15333333333333332,150,5,0.13385185185185186,0.23271920732896123,0.9386776144262257,0.0
mtd_ai,200,0.00506923923160693,0.44776119402985076,5870.760108315904,0.20666666666666667,150,5,0.13385185185185186,0.23271920732896123,0.9386776144262257,0.0
mtd_ai,200,0.00506923923160693,0.4807692307692308,6451.981688286338,0.25333333333333335,150,5,0.13385185185185186,0.23271920732896123,0.9386776144262257,0.0
mtd_ai,200,0.005057387718533462,0.17857142857142858,5712.227558241219,0.05333333333333334,150,5,0.05263157894736842,0.19329846985524635,0.7717144931035913,0.0
mtd_ai,200,0.005057387718533462,0.2631578947368421,6745.260943657164,0.10666666666666667,150,5,0.05263157894736842,0.19329846985524635,0.7717144931035913,0.0
mtd_ai,200,0.005057387718533462,0.3409090909090909,7106.754451910602,0.15333333333333332,150,5,0.05263157894736842,0.19329846985524635,0.7717144931035913,0.0
mtd_ai,200,0.005057387718533462,0.38961038961038963,7482.907513973291,0.20666666666666667,150,5,0.05263157894736842,0.19329846985524635,0.7717144931035913,0.0
mtd_ai,200,0.005057387718533462,0.42613636363636365,7910.002581836355,0.25333333333333335,150,5,0.05263157894736842,0.19329846985524635,0.7717144931035913,0.0
mtd_ai,200,0.005081954382498262,0.375,1868.790506694162,0.05333333333333334,150,5,0.12,4.2633482844567165,1.2207357856841992,0.0
mtd_ai,200,0.005081954382498262,0.40540540540540543,3250.9843020290973,0.10666666666666667,150,5,0.12,4.2633482844567165,1.2207357856841992,0.0
mtd_ai,200,0.005081954382498262,0.4787234042553192,3783.2880784627737,0.15333333333333332,150,5,0.12,4.2633482844567165,1.2207357856841992,0.0
mtd_ai,200,0.005081954382498262,0.4918032786885246,5140.110576300706,0.20666666666666667,150,5,0.12,4.2633482844567165,1.2207357856841992,0.0
mtd_ai,200,0.005081954382498262,0.5,5737.935990448128,0.25333333333333335,150,5,0.12,4.2633482844567165,1.2207357856841992,0.0
mtd_ai,200,0.005070595574718135,0.25,3601.7864503315204,0.05333333333333334,150,5,0.1461111111111111,0.1916468561007647,0.7253859503009954,0.0
mtd_ai,200,0.005070595574718135,0.3333333333333333,4682.548977885059,0.10666666666666667,150,5,0.1461111111111111,0.1916468561007647,0.7253859503009954,0.0
mtd_ai,200,0.005070595574718135,0.4090909090909091,4981.259126979669,0.15333333333333332,150,5,0.1461111111111111,0.1916468561007647,0.7253859503009954,0.0
mtd_ai,200,0.005070595574718135,0.4166666666666667,5717.800857100543,0.20666666666666667,150,5,0.1461111111111111,0.1916468561007647,0.7253859503009954,0.0
mtd_ai,200,0.005070595574718135,0.44642857142857145,6138.807666042978,0.25333333333333335,150,5,0.1461111111111111,0.1916468561007647,0.7253859503009954,0.0
mtd_ai,200,0.005068067204727573,0.3,2690.9311089197,0.05333333333333334,150,5,0.1577777777777778,1.4915378729066167,3.860512327279214,0.0
mtd_ai,200,0.005068067204727573,0.3488372093023256,4465.874841216976,0.10666666666666667,150,5,0.1577777777777778,1.4915378729066167,3.860512327279214,0.0
mtd_ai,200,0.005068067204727573,0.4017857142857143,5010.067016014515,0.15333333333333332,150,5,0.1577777777777778,1.4915378729066167,3.860512327279214,0.0
mtd_ai,200,0.005068067204727573,0.4411764705882353,5739.553756231429,0.20666666666666667,150,5,0.1577777777777778,1.4915378729066167,3.860512327279214,0.0
mtd_ai,200,0.005068067204727573,0.46875,6324.992440155174,0.25333333333333335,150,5,0.1577777777777778,1.4915378729066167,3.860512327279214,0.0
mtd_ai,200,0.005090108994104305,0.35714285714285715,1825.6811656830328,0.05333333333333334,150,5,0.16411111111111112,0.195821705795722,0.7605743947930038,0.0
mtd_ai,200,0.005090108994104305,0.375,3556.3367895279207,0.10666666666666667,150,5,0.16411111111111112,0.195821705795722,0.7605743947930038,0.0
mtd_ai,200,0.005090108994104305,0.4326923076923077,4156.097765632065,0.15333333333333332,150,5,0.16411111111111112,0.195821705795722,0.7605743947930038,0.0
mtd_ai,200,0.005090108994104305,0.47619047619047616,4720.73962410523,0.20666666666666667,150,5,0.16411111111111112,0.195821705795722,0.7605743947930038,0.0
mtd_ai,200,0.005090108994104305,0.5136986301369864,5277.123940329087,0.25333333333333335,150,5,0.16411111111111112,0.195821705795722,0.7605743947930038,0.0
mtd_ai,200,0.005086625290579407,0.39473684210526316,1655.0240317264575,0.05333333333333334,150,5,0.13444444444444442,1.7750809291061382,2.966906524899392,0.0
mtd_ai,200,0.005086625290579407,0.40540540540540543,3319.173482500296,0.10666666666666667,150,5,0.13444444444444442,1.7750809291061382,2.966906524899392,0.0
mtd_ai,200,0.005086625290579407,0.5,3805.2830800944457,0.15333333333333332,150,5,0.13444444444444442,1.7750809291061382,2.966906524899392,0.0
mtd_ai,200,0.005086625290579407,0.5172413793103449,4632.764342168752,0.20666666666666667,150,5,0.13444444444444442,1.7750809291061382,2.966906524899392,0.0
mtd_ai,200,0.005086625290579407,0.5208333333333334,5432.164839390454,0.25333333333333335,150,5,0.13444444444444442,1.7750809291061382,2.966906524899392,0.0
mtd_ai,200,0.0051027596306716045,0.39473684210526316,2103.298468753651,0.05333333333333334,150,5,0.15166666666666667,2.860809325159805,4.11678668061294,0.0
mtd_ai,200,0.0051027596306716045,0.4838709677419355,2829.5987266729635,0.10666666666666667,150,5,0.15166666666666667,2.860809325159805,4.11678668061294,0.0
mtd_ai,200,0.0051027596306716045,0.5232558139534884,3574.822901819411,0.15333333333333332,150,5,0.15166666666666667,2.860809325159805,4.11678668061294,0.0
mtd_ai,200,0.0051027596306716045,0.5555555555555556,4154.237022383997,0.20666666666666667,150,5,0.15166666666666667,2.860809325159805,4.11678668061294,0.0
mtd_ai,200,0.0051027596306716045,0.5681818181818182,4795.578458563308,0.25333333333333335,150,5,0.15166666666666667,2.860809325159805,4.11678668061294,0.0
mtd_ai,200,0.005078264763088268,0.375,1971.2066570972352,0.05333333333333334,150,5,0.17647058823529413,0.420886373927157,0.935277128207042,0.0
mtd_ai,200,0.005078264763088268,0.45454545454545453,3009.002674652664,0.10666666666666667,150,5,0.17647058823529413,0.420886373927157,0.935277128207042,0.0
mtd_ai,200,0.005078264763088268,0.4411764705882353,5267.172063785445,0.15333333333333332,150,5,0.17647058823529413,0.420886373927157,0.935277128207042,0.0
mtd_ai,200,0.005078264763088268,0.4838709677419355,5732.635998551292,0.20666666666666667,150,5,0.17647058823529413,0.420886373927157,0.935277128207042,0.0
mtd_ai,200,0.005078264763088268,0.5208333333333334,6186.418315390598,0.25333333333333335,150,5,0.17647058823529413,0.420886373927157,0.935277128207042,0.0
mtd_ai,200,0.005075538331644648,0.3409090909090909,2646.3303811427995,0.05333333333333334,150,5,0.15,0.5865529877118798,1.8714794820804403,0.0
mtd_ai,200,0.005075538331644648,0.42857142857142855,3377.1346379854617,0.10666666666666667,150,5,0.15,0.5865529877118798,1.8714794820804403,0.0
mtd_ai,200,0.005075538331644648,0.42452830188679247,5398.549346859432,0.15333333333333332,150,5,0.15,0.5865529877118798,1.8714794820804403,0.0
mtd_ai,200,0.005075538331644648,0.45454545454545453,6026.942778109797,0.20666666666666667,150,5,0.15,0.5865529877118798,1.8714794820804403,0.0
mtd_ai,200,0.005075538331644648,0.5,6323.881008238544,0.25333333333333335,150,5,0.15,0.5865529877118798,1.8714794820804403,0.0
mtd_ai,200,0.005076429165208181,0.3125,2976.463187954688,0.05333333333333334,150,5,0.1,1.0779475965877274,4.171591709681876,0.0
mtd_ai,200,0.005076429165208181,0.375,3895.2780022965076,0.10666666666666667,150,5,0.1,1.0779475965877274,4.171591709681876,0.0
mtd_ai,200,0.005076429165208181,0.42452830188679247,4491.591875258793,0.15333333333333332,150,5,0.1,1.0779475965877274,4.171591709681876,0.0
mtd_ai,200,0.005076429165208181,0.4411764705882353,5516.097506462609,0.20666666666666667,150,5,0.1,1.0779475965877274,4.171591709681876,0.0
mtd_ai,200,0.005076429165208181,0.4807692307692308,6015.447309237668,0.25333333333333335,150,5,0.1,1.0779475965877274,4.171591709681876,0.0
mtd_ai,200,0.005073956318323965,0.39473684210526316,1781.9775154579322,0.05333333333333334,150,5,0.13644444444444445,1.0054328341578849,1.8787250456553863,0.0
mtd_ai,200,0.005073956318323965,0.3333333333333333,4674.967319667526,0.10666666666666667,150,5,0.13644444444444445,1.0054328341578849,1.8787250456553863,0.0
mtd_ai,200,0.005073956318323965,0.4017857142857143,5428.665217286778,0.15333333333333332,150,5,0.13644444444444445,1.0054328341578849,1.8787250456553863,0.0
mtd_ai,200,0.005073956318323965,0.44776119402985076,5843.523029219201,0.20666666666666667,150,5,0.13644444444444445,1.0054328341578849,1.8787250456553863,0.0
mtd_ai,200,0.005073956318323965,0.4807692307692308,6297.313433663376,0.25333333333333335,150,5,0.13644444444444445,1.0054328341578849,1.8787250456553863,0.0
mtd_ai,200,0.005078103510336364,0.234375,2743.0277058162783,0.05333333333333334,150,5,0.12444444444444445,0.08921074711356701,0.15192631037758772,0.0
mtd_ai,200,0.005078103510336364,0.29411764705882354,4465.738188050276,0.10666666666666667,150,5,0.12444444444444445,0.08921074711356701,0.15192631037758772,0.0
mtd_ai,200,0.005078103510336364,0.35714285714285715,5088.38055863855,0.15333333333333332,150,5,0.12444444444444445,0.08921074711356701,0.15192631037758772,0.0
mtd_ai,200,0.005078103510336364,0.40540540540540543,5456.68240266624,0.20666666666666667,150,5,0.12444444444444445,0.08921074711356701,0.15192631037758772,0.0
mtd_ai,200,0.005078103510336364,0.436046511627907,5857.428013206938,0.25333333333333335,150,5,0.12444444444444445,0.08921074711356701,0.15192631037758772,0.0
mtd_ai,200,0.00506999416450409,0.234375,4018.3007035623764,0.05333333333333334,150,5,0.11866666666666667,1.7346069884673236,1.8143718571330307,0.0
mtd_ai,200,0.00506999416450409,0.3409090909090909,4681.4169702718245,0.10666666666666667,150,5,0.11866666666666667,1.7346069884673236,1.8143718571330307,0.0
mtd_ai,200,0.00506999416450409,0.42452830188679247,5220.845795657642,0.15333333333333332,150,5,0.11866666666666667,1.7346069884673236,1.8143718571330307,0.0
mtd_ai,200,0.00506999416450409,0.4411764705882353,6114.481221693781,0.20666666666666667,150,5,0.11866666666666667,1.7346069884673236,1.8143718571330307,0.0
mtd_ai,200,0.00506999416450409,0.4807692307692308,6486.205757244095,0.25333333333333335,150,5,0.11866666666666667,1.7346069884673236,1.8143718571330307,0.0
mtd_ai,200,0.00509815410373673,0.3,2837.295861687774,0.05333333333333334,150,5,0.09055555555555556,0.6904426129611416,2.80335502711471,0.0
mtd_ai,200,0.00509815410373673,0.4166666666666667,3342.0933054339976,0.10666666666666667,150,5,0.09055555555555556,0.6904426129611416,2.80335502711471,0.0
mtd_ai,200,0.00509815410373673,0.4891304347826087,3882.224629653295,0.15333333333333332,150,5,0.09055555555555556,0.6904426129611416,2.80335502711471,0.0
mtd_ai,200,0.00509815410373673,0.5,4526.602184347013,0.20666666666666667,150,5,0.09055555555555556,0.6904426129611416,2.80335502711471,0.0
mtd_ai,200,0.00509815410373673,0.5514705882352942,4944.1647569066345,0.25333333333333335,150,5,0.09055555555555556,0.6904426129611416,2.80335502711471,0.0
mtd_ai,200,0.005096988198263593,0.46875,1393.3914951025804,0.05333333333333334,150,5,0.12333333333333334,0.11850129523037342,0.4637855637890882,0.0
mtd_ai,200,0.005096988198263593,0.46875,2686.653095077132,0.10666666666666667,150,5,0.12333333333333334,0.11850129523037342,0.4637855637890882,0.0
mtd_ai,200,0.005096988198263593,0.5113636363636364,3468.652252198197,0.15333333333333332,150,5,0.12333333333333334,0.11850129523037342,0.4637855637890882,0.0
mtd_ai,200,0.005096988198263593,0.5454545454545454,4402.3285525376095,0.20666666666666667,150,5,0.12333333333333334,0.11850129523037342,0.4637855637890882,0.0
mtd_ai,200,0.005096988198263593,0.5769230769230769,4842.560542570325,0.25333333333333335,150,5,0.12333333333333334,0.11850129523037342,0.4637855637890882,0.0
mtd_ai,200,0.005092580869353285,0.32608695652173914,2473.265901737491,0.05333333333333334,150,5,0.10166666666666667,0.536605888241605,2.1297622473458344,0.0
mtd_ai,200,0.005092580869353285,0.40540540540540543,3289.3810085228624,0.10666666666666667,150,5,0.10166666666666667,0.536605888241605,2.1297622473458344,0.0
mtd_ai,200,0.005092580869353285,0.46875,3666.1313452869417,0.15333333333333332,150,5,0.10166666666666667,0.536605888241605,2.1297622473458344,0.0
mtd_ai,200,0.005092580869353285,0.5084745762711864,4213.819252098835,0.20666666666666667,150,5,0.10166666666666667,0.536605888241605,2.1297622473458344,0.0
mtd_ai,200,0.005092580869353285,0.5357142857142857,4938.919410320302,0.25333333333333335,150,5,0.10166666666666667,0.536605888241605,2.1297622473458344,0.0
mtd_ai,200,0.005074021728935241,0.4411764705882353,1551.9287096291496,0.05333333333333334,150,5,0.10666666666666667,0.5757784862680237,2.560711668344579,0.0
mtd_ai,200,0.005074021728935241,0.36585365853658536,4335.000174542125,0.10666666666666667,150,5,0.10666666666666667,0.5757784862680237,2.560711668344579,0.0
mtd_ai,200,0.005074021728935241,0.4166666666666667,5155.271364642253,0.15333333333333332,150,5,0.10666666666666667,0.5757784862680237,2.560711668344579,0.0
mtd_ai,200,0.005074021728935241,0.4411764705882353,6146.6329438308385,0.20666666666666667,150,5,0.10666666666666667,0.5757784862680237,2.560711668344579,0.0
mtd_ai,200,0.005074021728935241,0.4934210526315789,6413.097629915518,0.25333333333333335,150,5,0.10666666666666667,0.5757784862680237,2.560711668344579,0.0
mtd_ai,200,0.005075423868199862,0.25,3456.4646985980717,0.05333333333333334,150,5,0.15623809523809526,0.2067113270776768,0.9289636442445276,0.0
mtd_ai,200,0.005075423868199862,0.3488372093023256,4224.398737681731,0.10666666666666667,150,5,0.15623809523809526,0.2067113270776768,0.9289636442445276,0.0
mtd_ai,200,0.005075423868199862,0.4017857142857143,5124.645442567555,0.15333333333333332,150,5,0.15623809523809526,0.2067113270776768,0.9289636442445276,0.0
mtd_ai,200,0.005075423868199862,0.4411764705882353,5705.551269873578,0.20666666666666667,150,5,0.15623809523809526,0.2067113270776768,0.9289636442445276,0.0
mtd_ai,200,0.005075423868199862,0.487012987012987,6183.377406128493,0.25333333333333335,150,5,0.15623809523809526,0.2067113270776768,0.9289636442445276,0.0
mtd_ai,200,0.005069192559273144,0.35714285714285715,1871.4880099029342,0.05333333333333334,150,5,0.056666666666666664,0.24442017722110648,1.0212210311272936,0.0
mtd_ai,200,0.005069192559273144,0.40540540540540543,2996.101991952085,0.10666666666666667,150,5,0.056666666666666664,0.24442017722110648,1.0212210311272936,0.0
mtd_ai,200,0.005069192559273144,0.4326923076923077,4092.4997175643584,0.15333333333333332,150,5,0.056666666666666664,0.24442017722110648,1.0212210311272936,0.0
mtd_ai,200,0.005069192559273144,0.4166666666666667,6269.363169107348,0.20666666666666667,150,5,0.056666666666666664,0.24442017722110648,1.0212210311272936,0.0
mtd_ai,200,0.005069192559273144,0.46296296296296297,6558.432825258125,0.25333333333333335,150,5,0.056666666666666664,0.24442017722110648,1.0212210311272936,0.0
mtd_ai,200,0.00506634753829146,0.28846153846153844,2588.8085498628407,0.05333333333333334,150,5,0.13666666666666666,1.2587700481225899,4.174872864583807,0.0
mtd_ai,200,0.00506634753829146,0.35714285714285715,3961.4357845712966,0.10666666666666667,150,5,0.13666666666666666,1.2587700481225899,4.174872864583807,0.0
mtd_ai,200,0.00506634753829146,0.4090909090909091,4820.45192458043,0.15333333333333332,150,5,0.13666666666666666,1.2587700481225899,4.174872864583807,0.0
mtd_ai,200,0.00506634753829146,0.42857142857142855,6037.9064500687155,0.20666666666666667,150,5,0.13666666666666666,1.2587700481225899,4.174872864583807,0.0
mtd_ai,200,0.00506634753829146,0.44642857142857145,7129.512768115843,0.25333333333333335,150,5,0.13666666666666666,1.2587700481225899,4.174872864583807,0.0
mtd_ai,200,0.005070518699774301,0.24193548387096775,4024.8440074578293,0.05333333333333334,150,5,0.10444444444444444,0.4918508663895528,1.7436741749600715,0.0
mtd_ai,200,0.005070518699774301,0.3333333333333333,4856.184881722755,0.10666666666666667,150,5,0.10444444444444444,0.4918508663895528,1.7436741749600715,0.0
mtd_ai,200,0.005070518699774301,0.42452830188679247,5128.768400862063,0.15333333333333332,150,5,0.10444444444444444,0.4918508663895528,1.7436741749600715,0.0
mtd_ai,200,0.005070518699774301,0.45454545454545453,5991.628550701195,0.20666666666666667,150,5,0.10444444444444444,0.4918508663895528,1.7436741749600715,0.0
mtd_ai,200,0.005070518699774301,0.4934210526315789,6314.866195355271,0.25333333333333335,150,5,0.10444444444444444,0.4918508663895528,1.7436741749600715,0.0
mtd_ai,200,0.00507269312533682,0.4411764705882353,1481.0836714308366,0.05333333333333334,150,5,0.0,0.6652555407717469,1.8873300570170015,0.0
mtd_ai,200,0.00507269312533682,0.3409090909090909,5014.9748110928285,0.10666666666666667,150,5,0.0,0.6652555407717469,1.8873300570170015,0.0
mtd_ai,200,0.00507269312533682,0.4326923076923077,5336.365805304743,0.15333333333333332,150,5,0.0,0.6652555407717469,1.8873300570170015,0.0
mtd_ai,200,0.00507269312533682,0.44776119402985076,6159.30094258552,0.20666666666666667,150,5,0.0,0.6652555407717469,1.8873300570170015,0.0
mtd_ai,200,0.00507269312533682,0.487012987012987,6637.791255845606,0.25333333333333335,150,5,0.0,0.6652555407717469,1.8873300570170015,0.0
mtd_ai,200,0.005067547976567189,0.39473684210526316,1685.088815703396,0.05333333333333334,150,5,0.1491111111111111,0.6683383357631181,2.3325363891193622,0.0
mtd_ai,200,0.005067547976567189,0.40540540540540543,3308.6330766021692,0.10666666666666667,150,5,0.1491111111111111,0.6683383357631181,2.3325363891193622,0.0
mtd_ai,200,0.005067547976567189,0.4891304347826087,3741.9095067073663,0.15333333333333332,150,5,0.1491111111111111,0.6683383357631181,2.3325363891193622,0.0
mtd_ai,200,0.005067547976567189,0.44776119402985076,5224.6989112793635,0.20666666666666667,150,5,0.1491111111111111,0.6683383357631181,2.3325363891193622,0.0
mtd_ai,200,0.005067547976567189,0.45180722891566266,6670.634804199921,0.25333333333333335,150,5,0.1491111111111111,0.6683383357631181,2.3325363891193622,0.0
mtd_ai,200,0.005078348696179995,0.39473684210526316,1737.366666190155,0.05333333333333334,150,5,0.12,0.6000201364336573,2.1167776871503747,0.0
mtd_ai,200,0.005078348696179995,0.45454545454545453,2774.9779873246302,0.10666666666666667,150,5,0.12,0.6000201364336573,2.1167776871503747,0.0
mtd_ai,200,0.005078348696179995,0.45,3892.9853477762626,0.15333333333333332,150,5,0.12,0.6000201364336573,2.1167776871503747,0.0
mtd_ai,200,0.005078348696179995,0.45454545454545453,5257.166914253508,0.20666666666666667,150,5,0.12,0.6000201364336573,2.1167776871503747,0.0
mtd_ai,200,0.005078348696179995,0.487012987012987,5838.339715388379,0.25333333333333335,150,5,0.12,0.6000201364336573,2.1167776871503747,0.0
mtd_ai,200,0.005092248658436488,0.28846153846153844,2099.617355047302,0.05333333333333334,150,5,0.12666666666666668,0.23262168640859182,1.0204328442614266,0.0
mtd_ai,200,0.005092248658436488,0.39473684210526316,2940.365697922405,0.10666666666666667,150,5,0.12666666666666668,0.23262168640859182,1.0204328442614266,0.0
mtd_ai,200,0.005092248658436488,0.45918367346938777,3627.208784761149,0.15333333333333332,150,5,0.12666666666666668,0.23262168640859182,1.0204328442614266,0.0
mtd_ai,200,0.005092248658436488,0.46153846153846156,4528.196015152568,0.20666666666666667,150,5,0.12666666666666668,0.23262168640859182,1.0204328442614266,0.0
mtd_ai,200,0.005092248658436488,0.5,4995.45148375707,0.25333333333333335,150,5,0.12666666666666668,0.23262168640859182,1.0204328442614266,0.0
mtd_ai,200,0.005102481908094674,0.35714285714285715,1941.949770525846,0.05333333333333334,150,5,0.13666666666666666,0.354603346151819,1.2880643075115166,0.0
mtd_ai,200,0.005102481908094674,0.40540540540540543,3335.4097527050117,0.10666666666666667,150,5,0.13666666666666666,0.354603346151819,1.2880643075115166,0.0
mtd_ai,200,0.005102481908094674,0.4891304347826087,3752.3924872819434,0.15333333333333332,150,5,0.13666666666666666,0.354603346151819,1.2880643075115166,0.0
mtd_ai,200,0.005102481908094674,0.5263157894736842,4176.046718428914,0.20666666666666667,150,5,0.13666666666666666,0.354603346151819,1.2880643075115166,0.0
mtd_ai,200,0.005102481908094674,0.5769230769230769,4678.58672242336,0.25333333333333335,150,5,0.13666666666666666,0.354603346151819,1.2880643075115166,0.0
mtd_ai,200,0.0050765417868109805,0.26785714285714285,3378.736158706286,0.05333333333333334,150,5,0.09111111111111111,0.02861724060716461,0.12297219348599782,0.0
mtd_ai,200,0.0050765417868109805,0.375,4167.881527655761,0.10666666666666667,150,5,0.09111111111111111,0.02861724060716461,0.12297219348599782,0.0
mtd_ai,200,0.0050765417868109805,0.45918367346938777,4716.04159320731,0.15333333333333332,150,5,0.09111111111111111,0.02861724060716461,0.12297219348599782,0.0
mtd_ai,200,0.0050765417868109805,0.46875,5632.4365488522835,0.20666666666666667,150,5,0.09111111111111111,0.02861724060716461,0.12297219348599782,0.0
mtd_ai,200,0.0050765417868109805,0.5067567567567568,6178.886444248472,0.25333333333333335,150,5,0.09111111111111111,0.02861724060716461,0.12297219348599782,0.0
mtd_ai,200,0.005066710908145389,0.3409090909090909,2905.6945675138077,0.05333333333333334,150,5,0.10833333333333334,0.8163284529954083,3.243833080784524,0.0
mtd_ai,200,0.005066710908145389,0.38461538461538464,4374.004426040119,0.10666666666666667,150,5,0.10833333333333334,0.8163284529954083,3.243833080784524,0.0
mtd_ai,200,0.005066710908145389,0.4166666666666667,5475.568073617135,0.15333333333333332,150,5,0.10833333333333334,0.8163284529954083,3.243833080784524,0.0
mtd_ai,200,0.005066710908145389,0.44776119402985076,5989.412916745499,0.20666666666666667,150,5,0.10833333333333334,0.8163284529954083,3.243833080784524,0.0
mtd_ai,200,0.005066710908145389,0.46296296296296297,6973.4825554685785,0.25333333333333335,150,5,0.10833333333333334,0.8163284529954083,3.243833080784524,0.0
mtd_ai,200,0.0050608298543666315,0.375,1560.5938228603923,0.05333333333333334,150,5,0.20588235294117646,1.0508152154311594,2.609461027251493,0.0
mtd_ai,200,0.0050608298543666315,0.3333333333333333,3081.80148284909,0.10666666666666667,150,5,0.20588235294117646,1.0508152154311594,2.609461027251493,0.0
mtd_ai,200,0.0050608298543666315,0.3125,5924.263509621211,0.15333333333333332,150,5,0.20588235294117646,1.0508152154311594,2.609461027251493,0.0
mtd_ai,200,0.0050608298543666315,0.36585365853658536,6510.278353369695,0.20666666666666667,150,5,0.20588235294117646,1.0508152154311594,2.609461027251493,0.0
mtd_ai,200,0.0050608298543666315,0.4032258064516129,7128.401557158848,0.25333333333333335,150,5,0.20588235294117646,1.0508152154311594,2.609461027251493,0.0
mtd_ai,200,0.005075717171399949,0.25862068965517243,3523.6503871450723,0.05333333333333334,150,5,0.12422222222222222,0.844366794898131,3.301179539534148,0.0
mtd_ai,200,0.005075717171399949,0.3333333333333333,4502.796399180255,0.10666666666666667,150,5,0.12422222222222222,0.844366794898131,3.301179539534148,0.0
mtd_ai,200,0.005075717171399949,0.4090909090909091,4840.340841766123,0.15333333333333332,150,5,0.12422222222222222,0.844366794898131,3.301179539534148,0.0
mtd_ai,200,0.005075717171399949,0.4411764705882353,5617.152225369485,0.20666666666666667,150,5,0.12422222222222222,0.844366794898131,3.301179539534148,0.0
mtd_ai,200,0.005075717171399949,0.4807692307692308,6025.916328575937,0.25333333333333335,150,5,0.12422222222222222,0.844366794898131,3.301179539534148,0.0
mtd_ai,200,0.005063982253620933,0.20270270270270271,4792.094617310848,0.05333333333333334,150,5,0.1,0.6767559398457064,1.9003982392357606,0.0
mtd_ai,200,0.005063982253620933,0.3,5559.995582678006,0.10666666666666667,150,5,0.1,0.6767559398457064,1.9003982392357606,0.0
mtd_ai,200,0.005063982253620933,0.3515625,6559.491218725303,0.15333333333333332,150,5,0.1,0.6767559398457064,1.9003982392357606,0.0
mtd_ai,200,0.005063982253620933,0.4,7045.241498668309,0.20666666666666667,150,5,0.1,0.6767559398457064,1.9003982392357606,0.0
mtd_ai,200,0.005063982253620933,0.45180722891566266,7232.781797695785,0.25333333333333335,150,5,0.1,0.6767559398457064,1.9003982392357606,0.0
mtd_ai,200,0.00507171829947988,0.24193548387096775,4031.496524624393,0.05333333333333334,150,5,0.0911111111111111,0.2821232710882862,1.0493691309316675,0.0
mtd_ai,200,0.00507171829947988,0.3409090909090909,4914.659417478317,0.10666666666666667,150,5,0.0911111111111111,0.2821232710882862,1.0493691309316675,0.0
mtd_ai,200,0.00507171829947988,0.3879310344827586,5918.554894398329,0.15333333333333332,150,5,0.0911111111111111,0.2821232710882862,1.0493691309316675,0.0
mtd_ai,200,0.00507171829947988,0.43478260869565216,6513.328454912463,0.20666666666666667,150,5,0.0911111111111111,0.2821232710882862,1.0493691309316675,0.0
mtd_ai,200,0.00507171829947988,0.4807692307692308,6775.684479998872,0.25333333333333335,150,5,0.0911111111111111,0.2821232710882862,1.0493691309316675,0.0
mtd_ai,200,0.005082371939867668,0.25862068965517243,3253.208885115844,0.05333333333333334,150,5,0.12333333333333334,0.07583969303303788,0.19873615088043886,0.0
mtd_ai,200,0.005082371939867668,0.36585365853658536,4059.321755990115,0.10666666666666667,150,5,0.12333333333333334,0.07583969303303788,0.19873615088043886,0.0
mtd_ai,200,0.005082371939867668,0.4411764705882353,4721.926814635701,0.15333333333333332,150,5,0.12333333333333334,0.07583969303303788,0.19873615088043886,0.0
mtd_ai,200,0.005082371939867668,0.47619047619047616,5157.563638642139,0.20666666666666667,150,5,0.12333333333333334,0.07583969303303788,0.19873615088043886,0.0
mtd_ai,200,0.005082371939867668,0.5136986301369864,5715.871080263615,0.25333333333333335,150,5,0.12333333333333334,0.07583969303303788,0.19873615088043886,0.0
mtd_ai,200,0.00506606551429587,0.3,2783.7770853822058,0.05333333333333334,150,5,0.13444444444444445,0.41563675967136465,1.5554231778775895,0.0
mtd_ai,200,0.00506606551429587,0.3333333333333333,4726.13190679682,0.10666666666666667,150,5,0.13444444444444445,0.41563675967136465,1.5554231778775895,0.0
mtd_ai,200,0.00506606551429587,0.4017857142857143,5520.98934886604,0.15333333333333332,150,5,0.13444444444444445,0.41563675967136465,1.5554231778775895,0.0
mtd_ai,200,0.00506606551429587,0.42857142857142855,6705.400275908531,0.20666666666666667,150,5,0.13444444444444445,0.41563675967136465,1.5554231778775895,0.0
mtd_ai,200,0.00506606551429587,0.46296296296296297,7267.136344826051,0.25333333333333335,150,5,0.13444444444444445,0.41563675967136465,1.5554231778775895,0.0
mtd_ai,200,0.005077964049675458,0.3409090909090909,2254.5092154707013,0.05333333333333334,150,5,0.13777777777777775,0.1439064280517418,0.4541447624959788,0.0
mtd_ai,200,0.005077964049675458,0.4411764705882353,3178.92140157058,0.10666666666666667,150,5,0.13777777777777775,0.1439064280517418,0.4541447624959788,0.0
mtd_ai,200,0.005077964049675458,0.5113636363636364,4146.30719746487,0.15333333333333332,150,5,0.13777777777777775,0.1439064280517418,0.4541447624959788,0.0
mtd_ai,200,0.005077964049675458,0.5357142857142857,4743.076734142642,0.20666666666666667,150,5,0.13777777777777775,0.1439064280517418,0.4541447624959788,0.0
mtd_ai,200,0.005077964049675458,0.5067567567567568,5946.460472663241,0.25333333333333335,150,5,0.13777777777777775,0.1439064280517418,0.4541447624959788,0.0
mtd_ai,200,0.0050707160063949855,0.25862068965517243,3203.8973571032097,0.05333333333333334,150,5,0.07333333333333333,1.0671019611113874,3.752299751740348,0.0
mtd_ai,200,0.0050707160063949855,0.32608695652173914,4823.088272800893,0.10666666666666667,150,5,0.07333333333333333,1.0671019611113874,3.752299751740348,0.0
mtd_ai,200,0.0050707160063949855,0.3879310344827586,5526.516582150603,0.15333333333333332,150,5,0.07333333333333333,1.0671019611113874,3.752299751740348,0.0
mtd_ai,200,0.0050707160063949855,0.43478260869565216,6131.983491591515,0.20666666666666667,150,5,0.07333333333333333,1.0671019611113874,3.752299751740348,0.0
mtd_ai,200,0.0050707160063949855,0.4807692307692308,6603.183688443793,0.25333333333333335,150,5,0.07333333333333333,1.0671019611113874,3.752299751740348,0.0
mtd_ai,200,0.00506598789001857,0.25862068965517243,3672.9194591844825,0.05333333333333334,150,5,0.09833333333333333,1.3633076445873384,4.469782413864832,0.0
mtd_ai,200,0.00506598789001857,0.375,4179.99901453745,0.10666666666666667,150,5,0.09833333333333333,1.3633076445873384,4.469782413864832,0.0
mtd_ai,200,0.00506598789001857,0.4166666666666667,4950.372327304713,0.15333333333333332,150,5,0.09833333333333333,1.3633076445873384,4.469782413864832,0.0
mtd_ai,200,0.00506598789001857,0.4225352112676056,6557.013350708078,0.20666666666666667,150,5,0.09833333333333333,1.3633076445873384,4.469782413864832,0.0
mtd_ai,200,0.00506598789001857,0.46875,6880.094435205408,0.25333333333333335,150,5,0.09833333333333333,1.3633076445873384,4.469782413864832,0.0
mtd_ai,200,0.005065813424283665,0.20833333333333334,4259.9611222339,0.05333333333333334,150,5,0.11,0.2477181817848668,1.0296614966068385,0.0
mtd_ai,200,0.005065813424283665,0.2830188679245283,5332.7826618891995,0.10666666666666667,150,5,0.11,0.2477181817848668,1.0296614966068385,0.0
mtd_ai,200,0.005065813424283665,0.3515625,5821.172055880026,0.15333333333333332,150,5,0.11,0.2477181817848668,1.0296614966068385,0.0
mtd_ai,200,0.005065813424283665,0.379746835443038,6601.7470166334715,0.20666666666666667,150,5,0.11,0.2477181817848668,1.0296614966068385,0.0
mtd_ai,200,0.005065813424283665,0.42134831460674155,7048.195910319844,0.25333333333333335,150,5,0.11,0.2477181817848668,1.0296614966068385,0.0
mtd_ai,200,0.005076746264752154,0.3,2825.357926428309,0.05333333333333334,150,5,0.14333333333333334,0.9154747689773653,2.6193806457049895,0.0
mtd_ai,200,0.005076746264752154,0.3488372093023256,3940.029309147694,0.10666666666666667,150,5,0.14333333333333334,0.9154747689773653,2.6193806457049895,0.0
mtd_ai,200,0.005076746264752154,0.4326923076923077,4369.076199041352,0.15333333333333332,150,5,0.14333333333333334,0.9154747689773653,2.6193806457049895,0.0
mtd_ai,200,0.005076746264752154,0.42857142857142855,5545.042945517536,0.20666666666666667,150,5,0.14333333333333334,0.9154747689773653,2.6193806457049895,0.0
mtd_ai,200,0.005076746264752154,0.46296296296296297,6126.215299240339,0.25333333333333335,150,5,0.14333333333333334,0.9154747689773653,2.6193806457049895,0.0
mtd_ai,200,0.005104634425047259,0.39473684210526316,1533.9693311821104,0.05333333333333334,150,5,0.09090909090909091,1.804473867718628,5.583059286200238,0.0
mtd_ai,200,0.005104634425047259,0.40540540540540543,2817.0121253880016,0.10666666666666667,150,5,0.09090909090909091,1.804473867718628,5.583059286200238,0.0
mtd_ai,200,0.005104634425047259,0.4787234042553192,3284.8330340624548,0.15333333333333332,150,5,0.09090909090909091,1.804473867718628,5.583059286200238,0.0
mtd_ai,200,0.005104634425047259,0.5172413793103449,4041.278848142022,0.20666666666666667,150,5,0.09090909090909091,1.804473867718628,5.583059286200238,0.0
mtd_ai,200,0.005104634425047259,0.5514705882352942,4746.642741738416,0.25333333333333335,150,5,0.09090909090909091,1.804473867718628,5.583059286200238,0.0
mtd_ai,200,0.005079875797443953,0.25,2876.898529442561,0.05333333333333334,150,5,0.13666666666666666,0.7307492690946478,2.939293742196508,0.0
mtd_ai,200,0.005079875797443953,0.3488372093023256,3531.263714125169,0.10666666666666667,150,5,0.13666666666666666,0.7307492690946478,2.939293742196508,0.0
mtd_ai,200,0.005079875797443953,0.4017857142857143,4484.656824241022,0.15333333333333332,150,5,0.13666666666666666,0.7307492690946478,2.939293742196508,0.0
mtd_ai,200,0.005079875797443953,0.4411764705882353,4856.9305668960715,0.20666666666666667,150,5,0.13666666666666666,0.7307492690946478,2.939293742196508,0.0
mtd_ai,200,0.005079875797443953,0.46296296296296297,5555.091749794002,0.25333333333333335,150,5,0.13666666666666666,0.7307492690946478,2.939293742196508,0.0
mtd_ai,200,0.005081256978678454,0.3,2167.422833300947,0.05333333333333334,150,5,0.11777777777777776,5.24119299951517,2.693014958101378,0.0
mtd_ai,200,0.005081256978678454,0.4166666666666667,2937.7663013007814,0.10666666666666667,150,5,0.11777777777777776,5.24119299951517,2.693014958101378,0.0
mtd_ai,200,0.005081256978678454,0.45,4248.888610784187,0.15333333333333332,150,5,0.11777777777777776,5.24119299951517,2.693014958101378,0.0
mtd_ai,200,0.005081256978678454,0.44776119402985076,4985.552218217406,0.20666666666666667,150,5,0.11777777777777776,5.24119299951517,2.693014958101378,0.0
mtd_ai,200,0.005081256978678454,0.4573170731707317,5899.411130682335,0.25333333333333335,150,5,0.11777777777777776,5.24119299951517,2.693014958101378,0.0
mtd_ai,200,0.0050825332447016845,0.32608695652173914,2589.9466117876705,0.05333333333333334,150,5,0.10666666666666667,0.19123842500477536,0.7559115503629048,0.0
mtd_ai,200,0.0050825332447016845,0.4166666666666667,3475.1411006127055,0.10666666666666667,150,5,0.10666666666666667,0.19123842500477536,0.7559115503629048,0.0
mtd_ai,200,0.0050825332447016845,0.46875,4294.933646466607,0.15333333333333332,150,5,0.10666666666666667,0.19123842500477536,0.7559115503629048,0.0
mtd_ai,200,0.0050825332447016845,0.5,4941.29776173487,0.20666666666666667,150,5,0.10666666666666667,0.19123842500477536,0.7559115503629048,0.0
mtd_ai,200,0.0050825332447016845,0.5357142857142857,5538.112382442405,0.25333333333333335,150,5,0.10666666666666667,0.19123842500477536,0.7559115503629048,0.0
mtd_ai,200,0.0050746704335910145,0.22058823529411764,4071.7859959389743,0.05333333333333334,150,5,0.17200000000000001,0.11475599590829334,0.4892853104947793,0.0
mtd_ai,200,0.0050746704335910145,0.3,4963.478823155771,0.10666666666666667,150,5,0.17200000000000001,0.11475599590829334,0.4892853104947793,0.0
mtd_ai,200,0.0050746704335910145,0.375,5677.811197067719,0.15333333333333332,150,5,0.17200000000000001,0.11475599590829334,0.4892853104947793,0.0
mtd_ai,200,0.0050746704335910145,0.4411764705882353,5886.826984614499,0.20666666666666667,150,5,0.17200000000000001,0.11475599590829334,0.4892853104947793,0.0
mtd_ai,200,0.0050746704335910145,0.5,6179.774548793211,0.25333333333333335,150,5,0.17200000000000001,0.11475599590829334,0.4892853104947793,0.0
mtd_ai,200,0.005072173122560293,0.25862068965517243,3331.005858869636,0.05333333333333334,150,5,0.1358888888888889,0.8479117275654187,3.3581984852057367,0.0
mtd_ai,200,0.005072173122560293,0.3409090909090909,4284.27237640159,0.10666666666666667,150,5,0.1358888888888889,0.8479117275654187,3.3581984852057367,0.0
mtd_ai,200,0.005072173122560293,0.4090909090909091,4689.565048360074,0.15333333333333332,150,5,0.1358888888888889,0.8479117275654187,3.3581984852057367,0.0
mtd_ai,200,0.005072173122560293,0.43478260869565216,5409.408888072869,0.20666666666666667,150,5,0.1358888888888889,0.8479117275654187,3.3581984852057367,0.0
mtd_ai,200,0.005072173122560293,0.46296296296296297,6381.256527587709,0.25333333333333335,150,5,0.1358888888888889,0.8479117275654187,3.3581984852057367,0.0
mtd_ai,200,0.005075629530477058,0.26785714285714285,3676.9449693260167,0.05333333333333334,150,5,0.09555555555555556,0.11776090299990809,0.38818211228452587,0.0
mtd_ai,200,0.005075629530477058,0.375,4545.998653685057,0.10666666666666667,150,5,0.09555555555555556,0.11776090299990809,0.38818211228452587,0.0
mtd_ai,200,0.005075629530477058,0.4326923076923077,5185.834433220282,0.15333333333333332,150,5,0.09555555555555556,0.11776090299990809,0.38818211228452587,0.0
mtd_ai,200,0.005075629530477058,0.45454545454545453,5912.130317204375,0.20666666666666667,150,5,0.09555555555555556,0.11776090299990809,0.38818211228452587,0.0
mtd_ai,200,0.005075629530477058,0.4807692307692308,6382.851116785265,0.25333333333333335,150,5,0.09555555555555556,0.11776090299990809,0.38818211228452587,0.0
mtd_ai,200,0.005097798905129035,0.46875,1464.6438345618317,0.05333333333333334,150,5,0.11666666666666667,83.46343222654154,4.065738308628936,0.0
mtd_ai,200,0.005097798905129035,0.5172413793103449,2355.3480109446077,0.10666666666666667,150,5,0.11666666666666667,83.46343222654154,4.065738308628936,0.0
mtd_ai,200,0.005097798905129035,0.5232558139534884,3197.0496321123137,0.15333333333333332,150,5,0.11666666666666667,83.46343222654154,4.065738308628936,0.0
mtd_ai,200,0.005097798905129035,0.5084745762711864,4305.34932864072,0.20666666666666667,150,5,0.11666666666666667,83.46343222654154,4.065738308628936,0.0
mtd_ai,200,0.005097798905129035,0.5208333333333334,4880.339275001274,0.25333333333333335,150,5,0.11666666666666667,83.46343222654154,4.065738308628936,0.0
mtd_ai,200,0.005065557258358119,0.25,3732.2414480644265,0.05333333333333334,150,5,0.10066666666666667,0.44077677199099075,1.4977535814954974,0.0
mtd_ai,200,0.005065557258358119,0.32608695652173914,4627.650450636038,0.10666666666666667,150,5,0.10066666666666667,0.44077677199099075,1.4977535814954974,0.0
mtd_ai,200,0.005065557258358119,0.4090909090909091,4974.336885235374,0.15333333333333332,150,5,0.10066666666666667,0.44077677199099075,1.4977535814954974,0.0
mtd_ai,200,0.005065557258358119,0.410958904109589,6276.043012140158,0.20666666666666667,150,5,0.10066666666666667,0.44077677199099075,1.4977535814954974,0.0
mtd_ai,200,0.005065557258358119,0.44642857142857145,6853.480179602204,0.25333333333333335,150,5,0.10066666666666667,0.44077677199099075,1.4977535814954974,0.0
mtd_ai,200,0.00509336243281827,0.35714285714285715,2190.323726503531,0.05333333333333334,150,5,0.12333333333333334,0.432538470057333,1.299247903130033,0.0
mtd_ai,200,0.00509336243281827,0.4166666666666667,3119.5150202537834,0.10666666666666667,150,5,0.12333333333333334,0.432538470057333,1.299247903130033,0.0
mtd_ai,200,0.00509336243281827,0.4891304347826087,3737.0197808898783,0.15333333333333332,150,5,0.12333333333333334,0.432538470057333,1.299247903130033,0.0
mtd_ai,200,0.00509336243281827,0.4918032786885246,4465.034410439299,0.20666666666666667,150,5,0.12333333333333334,0.432538470057333,1.299247903130033,0.0
mtd_ai,200,0.00509336243281827,0.5357142857142857,4830.7126877968685,0.25333333333333335,150,5,0.12333333333333334,0.432538470057333,1.299247903130033,0.0
mtd_ai,200,0.005070253678122032,0.375,1862.8997701937544,0.05333333333333334,150,5,0.12666666666666668,0.1700585219441401,0.7348964542008373,0.0
mtd_ai,200,0.005070253678122032,0.32608695652173914,4574.814791902836,0.10666666666666667,150,5,0.12666666666666668,0.1700585219441401,0.7348964542008373,0.0
mtd_ai,200,0.005070253678122032,0.3879310344827586,5434.41561978296,0.15333333333333332,150,5,0.12666666666666668,0.1700585219441401,0.7348964542008373,0.0
mtd_ai,200,0.005070253678122032,0.43478260869565216,5887.570207332063,0.20666666666666667,150,5,0.12666666666666668,0.1700585219441401,0.7348964542008373,0.0
mtd_ai,200,0.005070253678122032,0.4807692307692308,6222.558590350101,0.25333333333333335,150,5,0.12666666666666668,0.1700585219441401,0.7348964542008373,0.0
mtd_ai,200,0.005079004414861264,0.32608695652173914,2272.420021147096,0.05333333333333334,150,5,0.13722222222222225,0.7343974343122347,3.2970245269211063,0.0
mtd_ai,200,0.005079004414861264,0.3191489361702128,4940.48264988888,0.10666666666666667,150,5,0.13722222222222225,0.7343974343122347,3.2970245269211063,0.0
mtd_ai,200,0.005079004414861264,0.3879310344827586,5464.603256386919,0.15333333333333332,150,5,0.13722222222222225,0.7343974343122347,3.2970245269211063,0.0
mtd_ai,200,0.005079004414861264,0.4411764705882353,5879.5725125345,0.20666666666666667,150,5,0.13722222222222225,0.7343974343122347,3.2970245269211063,0.0
mtd_ai,200,0.005079004414861264,0.4807692307692308,6255.62760868978,0.25333333333333335,150,5,0.13722222222222225,0.7343974343122347,3.2970245269211063,0.0
mtd_ai,200,0.005074806760440147,0.28846153846153844,2391.4770016617535,0.05333333333333334,150,5,0.15533333333333335,0.9917213465553445,4.2240962180373565,0.0
mtd_ai,200,0.005074806760440147,0.3488372093023256,3717.8117857037946,0.10666666666666667,150,5,0.15533333333333335,0.9917213465553445,4.2240962180373565,0.0
mtd_ai,200,0.005074806760440147,0.4090909090909091,4467.48935350568,0.15333333333333332,150,5,0.15533333333333335,0.9917213465553445,4.2240962180373565,0.0
mtd_ai,200,0.005074806760440147,0.43478260869565216,5500.744491419806,0.20666666666666667,150,5,0.15533333333333335,0.9917213465553445,4.2240962180373565,0.0
mtd_ai,200,0.005074806760440147,0.46875,6141.5203866079755,0.25333333333333335,150,5,0.15533333333333335,0.9917213465553445,4.2240962180373565,0.0
mtd_ai,200,0.00507746843778298,0.3,2060.461126159552,0.05333333333333334,150,5,0.13777777777777778,0.3053549896588747,0.9555894630772043,0.0
mtd_ai,200,0.00507746843778298,0.375,3375.1394815290487,0.10666666666666667,150,5,0.13777777777777778,0.3053549896588747,0.9555894630772043,0.0
mtd_ai,200,0.00507746843778298,0.3879310344827586,4680.986478890779,0.15333333333333332,150,5,0.13777777777777778,0.3053549896588747,0.9555894630772043,0.0
mtd_ai,200,0.00507746843778298,0.43478260869565216,5224.228214300778,0.20666666666666667,150,5,0.13777777777777778,0.3053549896588747,0.9555894630772043,0.0
mtd_ai,200,0.00507746843778298,0.46296296296296297,6012.033860220802,0.25333333333333335,150,5,0.13777777777777778,0.3053549896588747,0.9555894630772043,0.0
mtd_ai,200,0.005077157644882367,0.25862068965517243,3588.04626724517,0.05333333333333334,150,5,0.10333333333333333,0.6303844418197297,1.881777518317418,0.0
mtd_ai,200,0.005077157644882367,0.3333333333333333,4825.1985995939085,0.10666666666666667,150,5,0.10333333333333333,0.6303844418197297,1.881777518317418,0.0
mtd_ai,200,0.005077157644882367,0.4166666666666667,5080.559037365216,0.15333333333333332,150,5,0.10333333333333333,0.6303844418197297,1.881777518317418,0.0
mtd_ai,200,0.005077157644882367,0.42857142857142855,5869.314963206486,0.20666666666666667,150,5,0.10333333333333333,0.6303844418197297,1.881777518317418,0.0
mtd_ai,200,0.005077157644882367,0.487012987012987,6127.957404386365,0.25333333333333335,150,5,0.10333333333333333,0.6303844418197297,1.881777518317418,0.0
mtd_ai,200,0.005097209541927982,0.28846153846153844,2569.3139542620493,0.05333333333333334,150,5,0.14644444444444446,0.6978064843813959,3.1034918432191,0.0
mtd_ai,200,0.005097209541927982,0.36585365853658536,3390.7067696158074,0.10666666666666667,150,5,0.14644444444444446,0.6978064843813959,3.1034918432191,0.0
mtd_ai,200,0.005097209541927982,0.4411764705882353,3926.7995283548776,0.15333333333333332,150,5,0.14644444444444446,0.6978064843813959,3.1034918432191,0.0
mtd_ai,200,0.005097209541927982,0.4918032786885246,4314.280501021777,0.20666666666666667,150,5,0.14644444444444446,0.6978064843813959,3.1034918432191,0.0
mtd_ai,200,0.005097209541927982,0.5067567567567568,4871.745216612384,0.25333333333333335,150,5,0.14644444444444446,0.6978064843813959,3.1034918432191,0.0
mtd_ai,200,0.005064662924736346,0.26785714285714285,3129.5968730759673,0.05333333333333334,150,5,0.2777777777777778,0.3134081895490369,1.0374888487030016,0.0
mtd_ai,200,0.005064662924736346,0.3333333333333333,4430.488097114834,0.10666666666666667,150,5,0.2777777777777778,0.3134081895490369,1.0374888487030016,0.0
mtd_ai,200,0.005064662924736346,0.35714285714285715,5192.715208801447,0.15333333333333332,150,5,0.2777777777777778,0.3134081895490369,1.0374888487030016,0.0
mtd_ai,200,0.005064662924736346,0.379746835443038,6457.6721651463,0.20666666666666667,150,5,0.2777777777777778,0.3134081895490369,1.0374888487030016,0.0
mtd_ai,200,0.005064662924736346,0.41208791208791207,7106.857084292355,0.25333333333333335,150,5,0.2777777777777778,0.3134081895490369,1.0374888487030016,0.0
mtd_ai,200,0.005079364828995047,0.5,1161.8823629361423,0.05333333333333334,150,5,0.13666666666666666,0.5617449663751376,2.2043756576267084,0.0
mtd_ai,200,0.005079364828995047,0.4411764705882353,3045.6782599595863,0.10666666666666667,150,5,0.13666666666666666,0.5617449663751376,2.2043756576267084,0.0
mtd_ai,200,0.005079364828995047,0.45,4571.9949254825415,0.15333333333333332,150,5,0.13666666666666666,0.5617449663751376,2.2043756576267084,0.0
mtd_ai,200,0.005079364828995047,0.47619047619047616,5328.51485621541,0.20666666666666667,150,5,0.13666666666666666,0.5617449663751376,2.2043756576267084,0.0
mtd_ai,200,0.005079364828995047,0.5,5947.418542506788,0.25333333333333335,150,5,0.13666666666666666,0.5617449663751376,2.2043756576267084,0.0
mtd_ai,200,0.005069981581626597,0.22058823529411764,4344.264557819064,0.05333333333333334,150,5,0.1288888888888889,1.2660498035219354,3.1051479623424503,0.0
mtd_ai,200,0.005069981581626597,0.3333333333333333,5073.843498810616,0.10666666666666667,150,5,0.1288888888888889,1.2660498035219354,3.1051479623424503,0.0
mtd_ai,200,0.005069981581626597,0.4017857142857143,5437.620711292275,0.15333333333333332,150,5,0.1288888888888889,1.2660498035219354,3.1051479623424503,0.0
mtd_ai,200,0.005069981581626597,0.43478260869565216,6325.284442748743,0.20666666666666667,150,5,0.1288888888888889,1.2660498035219354,3.1051479623424503,0.0
mtd_ai,200,0.005069981581626597,0.4934210526315789,6775.344487098466,0.25333333333333335,150,5,0.1288888888888889,1.2660498035219354,3.1051479623424503,0.0
mtd_ai,200,0.005077557312971005,0.4411764705882353,1506.2245831781497,0.05333333333333334,150,5,0.13977777777777778,0.5392786146043745,2.1561012864835414,0.0
mtd_ai,200,0.005077557312971005,0.4838709677419355,2702.0216143588614,0.10666666666666667,150,5,0.13977777777777778,0.5392786146043745,2.1561012864835414,0.0
mtd_ai,200,0.005077557312971005,0.5487804878048781,3194.1601228993804,0.15333333333333332,150,5,0.13977777777777778,0.5392786146043745,2.1561012864835414,0.0
mtd_ai,200,0.005077557312971005,0.46153846153846156,5562.254779341288,0.20666666666666667,150,5,0.13977777777777778,0.5392786146043745,2.1561012864835414,0.0
mtd_ai,200,0.005077557312971005,0.5067567567567568,5976.473468016702,0.25333333333333335,150,5,0.13977777777777778,0.5392786146043745,2.1561012864835414,0.0
mtd_ai,200,0.005081104950253438,0.375,1570.2147366950537,0.05333333333333334,150,5,0.09888888888888889,1.2231745282403395,4.502121874146838,0.0
mtd_ai,200,0.005081104950253438,0.36585365853658536,3374.77363900369,0.10666666666666667,150,5,0.09888888888888889,1.2231745282403395,4.502121874146838,0.0
mtd_ai,200,0.005081104950253438,0.4017857142857143,4133.549831057655,0.15333333333333332,150,5,0.09888888888888889,1.2231745282403395,4.502121874146838,0.0
mtd_ai,200,0.005081104950253438,0.4225352112676056,5416.333002011759,0.20666666666666667,150,5,0.09888888888888889,1.2231745282403395,4.502121874146838,0.0
mtd_ai,200,0.005081104950253438,0.46875,5880.252549876694,0.25333333333333335,150,5,0.09888888888888889,1.2231745282403395,4.502121874146838,0.0
mtd_ai,200,0.005063138060490765,0.20833333333333334,5036.172727166281,0.05333333333333334,150,5,0.06066666666666667,4.2775996718739595,7.598219682455524,0.0
mtd_ai,200,0.005063138060490765,0.3333333333333333,5482.047551960495,0.10666666666666667,150,5,0.06066666666666667,4.2775996718739595,7.598219682455524,0.0
mtd_ai,200,0.005063138060490765,0.39473684210526316,6260.936052113651,0.15333333333333332,150,5,0.06066666666666667,4.2775996718739595,7.598219682455524,0.0
mtd_ai,200,0.005063138060490765,0.43478260869565216,6681.557691072028,0.20666666666666667,150,5,0.06066666666666667,4.2775996718739595,7.598219682455524,0.0
mtd_ai,200,0.005063138060490765,0.47468354430379744,7146.6814270536925,0.25333333333333335,150,5,0.06066666666666667,4.2775996718739595,7.598219682455524,0.0
mtd_ai,200,0.0050795899785353454,0.32608695652173914,1772.6258328327697,0.05333333333333334,150,5,0.22944444444444448,0.8858139031513864,3.9340695280410176,0.0
mtd_ai,200,0.0050795899785353454,0.3409090909090909,3353.1828524574366,0.10666666666666667,150,5,0.22944444444444448,0.8858139031513864,3.9340695280410176,0.0
mtd_ai,200,0.0050795899785353454,0.3515625,4637.0750713374655,0.15333333333333332,150,5,0.22944444444444448,0.8858139031513864,3.9340695280410176,0.0
mtd_ai,200,0.0050795899785353454,0.38461538461538464,5565.5210289303095,0.20666666666666667,150,5,0.22944444444444448,0.8858139031513864,3.9340695280410176,0.0
mtd_ai,200,0.0050795899785353454,0.42134831460674155,5951.709158399177,0.25333333333333335,150,5,0.22944444444444448,0.8858139031513864,3.9340695280410176,0.0
mtd_ai,200,0.005079255752674036,0.5357142857142857,1110.2048333385858,0.05333333333333334,150,5,0.13722222222222222,0.04939136155067128,0.2101908591814107,0.0
mtd_ai,200,0.005079255752674036,0.42857142857142855,3484.1501021636577,0.10666666666666667,150,5,0.13722222222222222,0.04939136155067128,0.2101908591814107,0.0
mtd_ai,200,0.005079255752674036,0.45,4962.530268153165,0.15333333333333332,150,5,0.13722222222222222,0.04939136155067128,0.2101908591814107,0.0
mtd_ai,200,0.005079255752674036,0.4838709677419355,5471.992480697523,0.20666666666666667,150,5,0.13722222222222222,0.04939136155067128,0.2101908591814107,0.0
mtd_ai,200,0.005079255752674036,0.528169014084507,6096.464644575419,0.25333333333333335,150,5,0.13722222222222222,0.04939136155067128,0.2101908591814107,0.0
mtd_ai,200,0.005063228386030573,0.35714285714285715,1537.7352210644497,0.05333333333333334,150,5,0.07333333333333333,0.27722007097779383,1.2408633794855315,0.0
mtd_ai,200,0.005063228386030573,0.38461538461538464,3105.1195291681283,0.10666666666666667,150,5,0.07333333333333333,0.27722007097779383,1.2408633794855315,0.0
mtd_ai,200,0.005063228386030573,0.36885245901639346,5472.328447072571,0.15333333333333332,150,5,0.07333333333333333,0.27722007097779383,1.2408633794855315,0.0
mtd_ai,200,0.005063228386030573,0.38461538461538464,6995.692680470613,0.20666666666666667,150,5,0.07333333333333333,0.27722007097779383,1.2408633794855315,0.0
mtd_ai,200,0.005063228386030573,0.436046511627907,7266.673518157471,0.25333333333333335,150,5,0.07333333333333333,0.27722007097779383,1.2408633794855315,0.0
mtd_ai,200,0.005082181768753532,0.25,3271.445020497312,0.05333333333333334,150,5,0.115,1.0267156162235962,4.006174357400738,0.0
mtd_ai,200,0.005082181768753532,0.38461538461538464,3793.811798188194,0.10666666666666667,150,5,0.115,1.0267156162235962,4.006174357400738,0.0
mtd_ai,200,0.005082181768753532,0.45918367346938777,4477.508178243101,0.15333333333333332,150,5,0.115,1.0267156162235962,4.006174357400738,0.0
mtd_ai,200,0.005082181768753532,0.4838709677419355,5133.839434038047,0.20666666666666667,150,5,0.115,1.0267156162235962,4.006174357400738,0.0
mtd_ai,200,0.005082181768753532,0.4807692307692308,5716.540260818611,0.25333333333333335,150,5,0.115,1.0267156162235962,4.006174357400738,0.0
mtd_ai,200,0.005081887446443081,0.26785714285714285,2327.488697424361,0.05333333333333334,150,5,0.18181818181818182,0.41306717989995334,1.7493930590052635,0.0
mtd_ai,200,0.005081887446443081,0.3409090909090909,3583.9598124332524,0.10666666666666667,150,5,0.18181818181818182,0.41306717989995334,1.7493930590052635,0.0
mtd_ai,200,0.005081887446443081,0.42452830188679247,4190.6737408244935,0.15333333333333332,150,5,0.18181818181818182,0.41306717989995334,1.7493930590052635,0.0
mtd_ai,200,0.005081887446443081,0.44776119402985076,5333.341292880595,0.20666666666666667,150,5,0.18181818181818182,0.41306717989995334,1.7493930590052635,0.0
mtd_ai,200,0.005081887446443081,0.487012987012987,5766.151119437202,0.25333333333333335,150,5,0.18181818181818182,0.41306717989995334,1.7493930590052635,0.0
mtd_ai,200,0.005057359242224682,0.1875,5564.238954970578,0.05333333333333334,150,5,0.09333333333333334,0.3378243994140429,0.7712811854200019,0.0
mtd_ai,200,0.005057359242224682,0.2777777777777778,6465.107057321519,0.10666666666666667,150,5,0.09333333333333334,0.3378243994140429,0.7712811854200019,0.0
mtd_ai,200,0.005057359242224682,0.3409090909090909,6965.720308062123,0.15333333333333332,150,5,0.09333333333333334,0.3378243994140429,0.7712811854200019,0.0
mtd_ai,200,0.005057359242224682,0.38461538461538464,7308.011827633521,0.20666666666666667,150,5,0.09333333333333334,0.3378243994140429,0.7712811854200019,0.0
mtd_ai,200,0.005057359242224682,0.42613636363636365,7949.554609122469,0.25333333333333335,150,5,0.09333333333333334,0.3378243994140429,0.7712811854200019,0.0
mtd_ai,200,0.005071662004551648,0.25862068965517243,3668.914984994044,0.05333333333333334,150,5,0.13244444444444445,1.4292824333108456,4.386668388335961,0.0
mtd_ai,200,0.005071662004551648,0.375,4308.3234595206,0.10666666666666667,150,5,0.13244444444444445,1.4292824333108456,4.386668388335961,0.0
mtd_ai,200,0.005071662004551648,0.4411764705882353,4882.04770846912,0.15333333333333332,150,5,0.13244444444444445,1.4292824333108456,4.386668388335961,0.0
mtd_ai,200,0.005071662004551648,0.46875,5795.762329470501,0.20666666666666667,150,5,0.13244444444444445,1.4292824333108456,4.386668388335961,0.0
mtd_ai,200,0.005071662004551648,0.5136986301369864,6226.683491300313,0.25333333333333335,150,5,0.13244444444444445,1.4292824333108456,4.386668388335961,0.0
mtd_ai,200,0.005082661818789749,0.26785714285714285,3304.6205589904102,0.05333333333333334,150,5,0.12,0.36713354188444813,1.5618334026795229,0.0
mtd_ai,200,0.005082661818789749,0.375,3962.7045572308944,0.10666666666666667,150,5,0.12,0.36713354188444813,1.5618334026795229,0.0
mtd_ai,200,0.005082661818789749,0.4411764705882353,4566.4035250319885,0.15333333333333332,150,5,0.12,0.36713354188444813,1.5618334026795229,0.0
mtd_ai,200,0.005082661818789749,0.46153846153846156,5360.092110782359,0.20666666666666667,150,5,0.12,0.36713354188444813,1.5618334026795229,0.0
mtd_ai,200,0.005082661818789749,0.5067567567567568,5651.619094886106,0.25333333333333335,150,5,0.12,0.36713354188444813,1.5618334026795229,0.0
mtd_ai,200,0.005089110322470132,0.39473684210526316,1708.3645791099912,0.05333333333333334,150,5,0.09,0.5758537402105119,0.5796372860285187,0.0
mtd_ai,200,0.005089110322470132,0.45454545454545453,2534.094488039924,0.10666666666666667,150,5,0.09,0.5758537402105119,0.5796372860285187,0.0
mtd_ai,200,0.005089110322470132,0.42452830188679247,4176.497478696297,0.15333333333333332,150,5,0.09,0.5758537402105119,0.5796372860285187,0.0
mtd_ai,200,0.005089110322470132,0.45454545454545453,4655.28833697904,0.20666666666666667,150,5,0.09,0.5758537402105119,0.5796372860285187,0.0
mtd_ai,200,0.005089110322470132,0.4934210526315789,5174.089673439776,0.25333333333333335,150,5,0.09,0.5758537402105119,0.5796372860285187,0.0
mtd_ai,200,0.005092702299058962,0.39473684210526316,1658.436660508889,0.05333333333333334,150,5,0.15055555555555555,11.926897301010884,8.166185689743857,0.0
mtd_ai,200,0.005092702299058962,0.40540540540540543,2885.915544568059,0.10666666666666667,150,5,0.15055555555555555,11.926897301010884,8.166185689743857,0.0
mtd_ai,200,0.005092702299058962,0.4326923076923077,3591.0869689127817,0.15333333333333332,150,5,0.15055555555555555,11.926897301010884,8.166185689743857,0.0
mtd_ai,200,0.005092702299058962,0.46153846153846156,4199.359306544737,0.20666666666666667,150,5,0.15055555555555555,11.926897301010884,8.166185689743857,0.0
mtd_ai,200,0.005092702299058962,0.4807692307692308,5011.145829940284,0.25333333333333335,150,5,0.15055555555555555,11.926897301010884,8.166185689743857,0.0
mtd_ai,200,0.005069160139331801,0.22058823529411764,3276.1232146860266,0.05333333333333334,150,5,0.16166666666666665,0.37770319084053766,1.4178704492529584,0.0
mtd_ai,200,0.005069160139331801,0.29411764705882354,5227.7972471579105,0.10666666666666667,150,5,0.16166666666666665,0.37770319084053766,1.4178704492529584,0.0
mtd_ai,200,0.005069160139331801,0.34615384615384615,6191.589026687272,0.15333333333333332,150,5,0.16166666666666665,0.37770319084053766,1.4178704492529584,0.0
mtd_ai,200,0.005069160139331801,0.39473684210526316,6672.17808445096,0.20666666666666667,150,5,0.16166666666666665,0.37770319084053766,1.4178704492529584,0.0
mtd_ai,200,0.005069160139331801,0.4411764705882353,6964.723309758303,0.25333333333333335,150,5,0.16166666666666665,0.37770319084053766,1.4178704492529584,0.0
mtd_ai,200,0.0050973968178245595,0.375,1672.9100921710228,0.05333333333333334,150,5,0.13333333333333333,0.16837392778495755,0.7514440718307346,0.0
mtd_ai,200,0.0050973968178245595,0.4166666666666667,2430.997791142856,0.10666666666666667,150,5,0.13333333333333333,0.16837392778495755,0.7514440718307346,0.0
mtd_ai,200,0.0050973968178245595,0.5113636363636364,2898.678164534686,0.15333333333333332,150,5,0.13333333333333333,0.16837392778495755,0.7514440718307346,0.0
mtd_ai,200,0.0050973968178245595,0.5357142857142857,3515.780586415029,0.20666666666666667,150,5,0.13333333333333333,0.16837392778495755,0.7514440718307346,0.0
mtd_ai,200,0.0050973968178245595,0.528169014084507,4853.343235709655,0.25333333333333335,150,5,0.13333333333333333,0.16837392778495755,0.7514440718307346,0.0
mtd_ai,200,0.00508697521188515,0.39473684210526316,1464.2217423492016,0.05333333333333334,150,5,0.14777777777777776,2.1385531760022047,6.035086848932693,0.0
mtd_ai,200,0.00508697521188515,0.4411764705882353,2872.3647928740156,0.10666666666666667,150,5,0.14777777777777776,2.1385531760022047,6.035086848932693,0.0
mtd_ai,200,0.00508697521188515,0.4891304347826087,3634.3635737187933,0.15333333333333332,150,5,0.14777777777777776,2.1385531760022047,6.035086848932693,0.0
mtd_ai,200,0.00508697521188515,0.4838709677419355,4561.6018892135,0.20666666666666667,150,5,0.14777777777777776,2.1385531760022047,6.035086848932693,0.0
mtd_ai,200,0.00508697521188515,0.5,5262.963686832756,0.25333333333333335,150,5,0.14777777777777776,2.1385531760022047,6.035086848932693,0.0
mtd_ai,200,0.005084557800873472,0.25,3274.7870326035963,0.05333333333333334,150,5,0.12,0.40724282901493125,1.155742150358014,0.0
mtd_ai,200,0.005084557800873472,0.3333333333333333,4388.659819827026,0.10666666666666667,150,5,0.12,0.40724282901493125,1.155742150358014,0.0
mtd_ai,200,0.005084557800873472,0.4090909090909091,4986.245919706187,0.15333333333333332,150,5,0.12,0.40724282901493125,1.155742150358014,0.0
mtd_ai,200,0.005084557800873472,0.47619047619047616,5314.901452133234,0.20666666666666667,150,5,0.12,0.40724282901493125,1.155742150358014,0.0
mtd_ai,200,0.005084557800873472,0.5208333333333334,5682.04118921996,0.25333333333333335,150,5,0.12,0.40724282901493125,1.155742150358014,0.0
mtd_ai,200,0.005099806999134574,0.4166666666666667,1284.1705110908217,0.05333333333333334,150,5,0.08,1.03836652997033,3.4887321457395246,0.0
mtd_ai,200,0.005099806999134574,0.45454545454545453,2311.076944661998,0.10666666666666667,150,5,0.08,1.03836652997033,3.4887321457395246,0.0
mtd_ai,200,0.005099806999134574,0.4891304347826087,3561.8566831335393,0.15333333333333332,150,5,0.08,1.03836652997033,3.4887321457395246,0.0
mtd_ai,200,0.005099806999134574,0.5357142857142857,4144.2462009073215,0.20666666666666667,150,5,0.08,1.03836652997033,3.4887321457395246,0.0
mtd_ai,200,0.005099806999134574,0.5681818181818182,4868.889432096798,0.25333333333333335,150,5,0.08,1.03836652997033,3.4887321457395246,0.0
mtd_ai,200,0.0050609244879579775,0.26785714285714285,2608.1608712305033,0.05333333333333334,150,5,0.12666666666666668,0.5402027243570416,1.9136734413782894,0.0
mtd_ai,200,0.0050609244879579775,0.35714285714285715,3642.2545964514165,0.10666666666666667,150,5,0.12666666666666668,0.5402027243570416,1.9136734413782894,0.0
mtd_ai,200,0.0050609244879579775,0.4166666666666667,4100.974393058996,0.15333333333333332,150,5,0.12666666666666668,0.5402027243570416,1.9136734413782894,0.0
mtd_ai,200,0.0050609244879579775,0.410958904109589,6501.119372423642,0.20666666666666667,150,5,0.12666666666666668,0.5402027243570416,1.9136734413782894,0.0
mtd_ai,200,0.0050609244879579775,0.39893617021276595,7610.6824082497105,0.25333333333333335,150,5,0.12666666666666668,0.5402027243570416,1.9136734413782894,0.0
mtd_ai,200,0.005076922050868003,0.24193548387096775,3991.2089956514174,0.05333333333333334,150,5,0.16,0.4937587219269823,1.4423492148515469,0.0
mtd_ai,200,0.005076922050868003,0.35714285714285715,4578.691458668263,0.10666666666666667,150,5,0.16,0.4937587219269823,1.4423492148515469,0.0
mtd_ai,200,0.005076922050868003,0.4326923076923077,5199.9134501058925,0.15333333333333332,150,5,0.16,0.4937587219269823,1.4423492148515469,0.0
mtd_ai,200,0.005076922050868003,0.46875,5688.742399828612,0.20666666666666667,150,5,0.16,0.4937587219269823,1.4423492148515469,0.0
mtd_ai,200,0.005076922050868003,0.5208333333333334,5969.188899422645,0.25333333333333335,150,5,0.16,0.4937587219269823,1.4423492148515469,0.0
mtd_ai,200,0.005075437924277841,0.25,3182.7492492201236,0.05333333333333334,150,5,0.11911111111111111,1.3107567965837905,1.6480677610182273,0.0
mtd_ai,200,0.005075437924277841,0.3409090909090909,3850.7975250328655,0.10666666666666667,150,5,0.11911111111111111,1.3107567965837905,1.6480677610182273,0.0
mtd_ai,200,0.005075437924277841,0.4017857142857143,4737.504457723109,0.15333333333333332,150,5,0.11911111111111111,1.3107567965837905,1.6480677610182273,0.0
mtd_ai,200,0.005075437924277841,0.42857142857142855,5491.187992749485,0.20666666666666667,150,5,0.11911111111111111,1.3107567965837905,1.6480677610182273,0.0
mtd_ai,200,0.005075437924277841,0.4573170731707317,6324.062129489233,0.25333333333333335,150,5,0.11911111111111111,1.3107567965837905,1.6480677610182273,0.0
mtd_ai,200,0.005090271451641875,0.35714285714285715,2148.645539869753,0.05333333333333334,150,5,0.11,1.1532265702526907,3.632902910860574,0.0
mtd_ai,200,0.005090271451641875,0.45454545454545453,2882.472792840799,0.10666666666666667,150,5,0.11,1.1532265702526907,3.632902910860574,0.0
mtd_ai,200,0.005090271451641875,0.4891304347826087,3396.7036973533086,0.15333333333333332,150,5,0.11,1.1532265702526907,3.632902910860574,0.0
mtd_ai,200,0.005090271451641875,0.47619047619047616,4899.607212899758,0.20666666666666667,150,5,0.11,1.1532265702526907,3.632902910860574,0.0
mtd_ai,200,0.005090271451641875,0.5136986301369864,5284.376657061965,0.25333333333333335,150,5,0.11,1.1532265702526907,3.632902910860574,0.0
mtd_ai,200,0.005100316081350392,0.4166666666666667,1404.2856261320549,0.05333333333333334,150,5,0.13777777777777778,0.43974857012878893,0.41828793518583285,0.0
mtd_ai,200,0.005100316081350392,0.45454545454545453,2859.3058278114927,0.10666666666666667,150,5,0.13777777777777778,0.43974857012878893,0.41828793518583285,0.0
mtd_ai,200,0.005100316081350392,0.5113636363636364,3614.711867963446,0.15333333333333332,150,5,0.13777777777777778,0.43974857012878893,0.41828793518583285,0.0
mtd_ai,200,0.005100316081350392,0.5357142857142857,4430.282858934199,0.20666666666666667,150,5,0.13777777777777778,0.43974857012878893,0.41828793518583285,0.0
mtd_ai,200,0.005100316081350392,0.5681818181818182,4899.525000156253,0.25333333333333335,150,5,0.13777777777777778,0.43974857012878893,0.41828793518583285,0.0
mtd_ai,200,0.005093107822031116,0.3125,2600.9935529947925,0.05333333333333334,150,5,0.14119047619047617,2.100499953841209,5.081132679983489,0.0
mtd_ai,200,0.005093107822031116,0.42857142857142855,3496.875293686996,0.10666666666666667,150,5,0.14119047619047617,2.100499953841209,5.081132679983489,0.0
mtd_ai,200,0.005093107822031116,0.46875,4392.300492273391,0.15333333333333332,150,5,0.14119047619047617,2.100499953841209,5.081132679983489,0.0
mtd_ai,200,0.005093107822031116,0.5084745762711864,4889.043962880702,0.20666666666666667,150,5,0.14119047619047617,2.100499953841209,5.081132679983489,0.0
mtd_ai,200,0.005093107822031116,0.5514705882352942,5120.388985982501,0.25333333333333335,150,5,0.14119047619047617,2.100499953841209,5.081132679983489,0.0
mtd_ai,200,0.005081091262846932,0.3409090909090909,2416.1083284070455,0.05333333333333334,150,5,0.11333333333333333,0.5031547770618513,1.5563098769471795,0.0
mtd_ai,200,0.005081091262846932,0.42857142857142855,3165.8229921640213,0.10666666666666667,150,5,0.11333333333333333,0.5031547770618513,1.5563098769471795,0.0
mtd_ai,200,0.005081091262846932,0.4891304347826087,3928.515131119329,0.15333333333333332,150,5,0.11333333333333333,0.5031547770618513,1.5563098769471795,0.0
mtd_ai,200,0.005081091262846932,0.4838709677419355,5452.7336487161265,0.20666666666666667,150,5,0.11333333333333333,0.5031547770618513,1.5563098769471795,0.0
mtd_ai,200,0.005081091262846932,0.5357142857142857,5954.458188687882,0.25333333333333335,150,5,0.11333333333333333,0.5031547770618513,1.5563098769471795,0.0
mtd_ai,200,0.005057447168539686,0.19230769230769232,5554.574561882949,0.05333333333333334,150,5,0.09377777777777778,1.2224543280289402,1.6305032805504465,0.0
mtd_ai,200,0.005057447168539686,0.29411764705882354,6187.155584008917,0.10666666666666667,150,5,0.09377777777777778,1.2224543280289402,1.6305032805504465,0.0
mtd_ai,200,0.005057447168539686,0.36885245901639346,6796.023773343834,0.15333333333333332,150,5,0.09377777777777778,1.2224543280289402,1.6305032805504465,0.0
mtd_ai,200,0.005057447168539686,0.4,7681.019368350745,0.20666666666666667,150,5,0.09377777777777778,1.2224543280289402,1.6305032805504465,0.0
mtd_ai,200,0.005057447168539686,0.436046511627907,8088.546262817449,0.25333333333333335,150,5,0.09377777777777778,1.2224543280289402,1.6305032805504465,0.0
mtd_ai,200,0.005059795276854996,0.28846153846153844,3037.153421148233,0.05333333333333334,150,5,0.08333333333333333,0.04559355749381862,0.19681629484788993,0.0
mtd_ai,200,0.005059795276854996,0.30612244897959184,5644.971310234627,0.10666666666666667,150,5,0.08333333333333333,0.04559355749381862,0.19681629484788993,0.0
mtd_ai,200,0.005059795276854996,0.39473684210526316,5875.051372171285,0.15333333333333332,150,5,0.08333333333333333,0.04559355749381862,0.19681629484788993,0.0
mtd_ai,200,0.005059795276854996,0.40540540540540543,6946.758800412992,0.20666666666666667,150,5,0.08333333333333333,0.04559355749381862,0.19681629484788993,0.0
mtd_ai,200,0.005059795276854996,0.4411764705882353,7349.701709714947,0.25333333333333335,150,5,0.08333333333333333,0.04559355749381862,0.19681629484788993,0.0
mtd_ai,200,0.005064196436017013,0.24193548387096775,3868.90755472322,0.05333333333333334,150,5,0.10866666666666668,0.46897824383771386,2.0644813319132704,0.0
mtd_ai,200,0.005064196436017013,0.3409090909090909,4645.239929882282,0.10666666666666667,150,5,0.10866666666666668,0.46897824383771386,2.0644813319132704,0.0
mtd_ai,200,0.005064196436017013,0.4017857142857143,5370.596279304945,0.15333333333333332,150,5,0.10866666666666668,0.46897824383771386,2.0644813319132704,0.0
mtd_ai,200,0.005064196436017013,0.4225352112676056,6616.691198567613,0.20666666666666667,150,5,0.10866666666666668,0.46897824383771386,2.0644813319132704,0.0
mtd_ai,200,0.005064196436017013,0.4411764705882353,7395.678987801852,0.25333333333333335,150,5,0.10866666666666668,0.46897824383771386,2.0644813319132704,0.0
mtd_ai,200,0.005065892100941964,0.26785714285714285,2982.4778681400894,0.05333333333333334,150,5,0.10666666666666667,0.8617235164678793,3.10918502295918,0.0
mtd_ai,200,0.005065892100941964,0.2830188679245283,6177.434568326706,0.10666666666666667,150,5,0.10666666666666667,0.8617235164678793,3.10918502295918,0.0
mtd_ai,200,0.005065892100941964,0.35714285714285715,6806.514692166892,0.15333333333333332,150,5,0.10666666666666667,0.8617235164678793,3.10918502295918,0.0
mtd_ai,200,0.005065892100941964,0.4166666666666667,7191.961454175449,0.20666666666666667,150,5,0.10666666666666667,0.8617235164678793,3.10918502295918,0.0
mtd_ai,200,0.005065892100941964,0.46875,7474.273192476501,0.25333333333333335,150,5,0.10666666666666667,0.8617235164678793,3.10918502295918,0.0
mtd_ai,200,0.00508322574497406,0.3409090909090909,2329.0247503101123,0.05333333333333334,150,5,0.15425925925925926,1.814621187595643,4.086743476694692,0.0
mtd_ai,200,0.00508322574497406,0.3333333333333333,3751.757461180522,0.10666666666666667,150,5,0.15425925925925926,1.814621187595643,4.086743476694692,0.0
mtd_ai,200,0.00508322574497406,0.3629032258064516,4761.234029358424,0.15333333333333332,150,5,0.15425925925925926,1.814621187595643,4.086743476694692,0.0
mtd_ai,200,0.00508322574497406,0.40540540540540543,5179.171344863865,0.20666666666666667,150,5,0.15425925925925926,1.814621187595643,4.086743476694692,0.0
mtd_ai,200,0.00508322574497406,0.44642857142857145,5676.973942501394,0.25333333333333335,150,5,0.15425925925925926,1.814621187595643,4.086743476694692,0.0
mtd_ai,200,0.005059013601029042,0.21428571428571427,4315.828655473453,0.05333333333333334,150,5,0.15311111111111111,0.779958978212742,2.065046188076501,0.0
mtd_ai,200,0.005059013601029042,0.3,5731.138947034362,0.10666666666666667,150,5,0.15311111111111111,0.779958978212742,2.065046188076501,0.0
mtd_ai,200,0.005059013601029042,0.3629032258064516,6518.058699566454,0.15333333333333332,150,5,0.15311111111111111,0.779958978212742,2.065046188076501,0.0
mtd_ai,200,0.005059013601029042,0.4225352112676056,7042.864102632031,0.20666666666666667,150,5,0.15311111111111111,0.779958978212742,2.065046188076501,0.0
mtd_ai,200,0.005059013601029042,0.45180722891566266,7749.809975046873,0.25333333333333335,150,5,0.15311111111111111,0.779958978212742,2.065046188076501,0.0
mtd_ai,200,0.005074616376527313,0.25862068965517243,3161.4798045827692,0.05333333333333334,150,5,0.10666666666666667,0.8758361711378122,3.6256794914915558,0.0
mtd_ai,200,0.005074616376527313,0.3409090909090909,4203.938488776944,0.10666666666666667,150,5,0.10666666666666667,0.8758361711378122,3.6256794914915558,0.0
mtd_ai,200,0.005074616376527313,0.39473684210526316,4905.401106077936,0.15333333333333332,150,5,0.10666666666666667,0.8758361711378122,3.6256794914915558,0.0
mtd_ai,200,0.005074616376527313,0.42857142857142855,5639.964191716578,0.20666666666666667,150,5,0.10666666666666667,0.8758361711378122,3.6256794914915558,0.0
mtd_ai,200,0.005074616376527313,0.47468354430379744,6300.684702096463,0.25333333333333335,150,5,0.10666666666666667,0.8758361711378122,3.6256794914915558,0.0
mtd_ai,200,0.005088624009156942,0.4166666666666667,1892.8303899635998,0.05333333333333334,150,5,0.16666666666666666,7.494492978204635,7.106795722918321,0.0
mtd_ai,200,0.005088624009156942,0.4166666666666667,3664.127138726022,0.10666666666666667,150,5,0.16666666666666666,7.494492978204635,7.106795722918321,0.0
mtd_ai,200,0.005088624009156942,0.4891304347826087,4096.341446311059,0.15333333333333332,150,5,0.16666666666666666,7.494492978204635,7.106795722918321,0.0
mtd_ai,200,0.005088624009156942,0.5084745762711864,4839.204297801936,0.20666666666666667,150,5,0.16666666666666666,7.494492978204635,7.106795722918321,0.0
mtd_ai,200,0.005088624009156942,0.5357142857142857,5501.185515455876,0.25333333333333335,150,5,0.16666666666666666,7.494492978204635,7.106795722918321,0.0
mtd_ai,200,0.005082014758307348,0.3409090909090909,2648.7817903953924,0.05333333333333334,150,5,0.12333333333333334,0.1794735663810117,0.6547931380529195,0.0
mtd_ai,200,0.005082014758307348,0.375,4279.674857958067,0.10666666666666667,150,5,0.12333333333333334,0.1794735663810117,0.6547931380529195,0.0
mtd_ai,200,0.005082014758307348,0.4411764705882353,5225.547541229427,0.15333333333333332,150,5,0.12333333333333334,0.1794735663810117,0.6547931380529195,0.0
mtd_ai,200,0.005082014758307348,0.5,5674.784764350599,0.20666666666666667,150,5,0.12333333333333334,0.1794735663810117,0.6547931380529195,0.0
mtd_ai,200,0.005082014758307348,0.5597014925373134,5869.717094554933,0.25333333333333335,150,5,0.12333333333333334,0.1794735663810117,0.6547931380529195,0.0
mtd_ai,200,0.005066629000547524,0.4166666666666667,1704.8916135071784,0.05333333333333334,150,5,0.11555555555555558,1.5074409738727614,2.755849266983376,0.0
mtd_ai,200,0.005066629000547524,0.5172413793103449,2380.9336023722817,0.10666666666666667,150,5,0.11555555555555558,1.5074409738727614,2.755849266983376,0.0
mtd_ai,200,0.005066629000547524,0.45918367346938777,4667.881855650305,0.15333333333333332,150,5,0.11555555555555558,1.5074409738727614,2.755849266983376,0.0
mtd_ai,200,0.005066629000547524,0.44776119402985076,6406.893947243355,0.20666666666666667,150,5,0.11555555555555558,1.5074409738727614,2.755849266983376,0.0
mtd_ai,200,0.005066629000547524,0.47468354430379744,6987.662039208887,0.25333333333333335,150,5,0.11555555555555558,1.5074409738727614,2.755849266983376,0.0
mtd_ai,200,0.005070760127576025,0.234375,3717.1635275465105,0.05333333333333334,150,5,0.15434920634920635,0.018193827438044628,0.07368355145852648,0.0
mtd_ai,200,0.005070760127576025,0.3409090909090909,4502.672315127244,0.10666666666666667,150,5,0.15434920634920635,0.018193827438044628,0.07368355145852648,0.0
mtd_ai,200,0.005070760127576025,0.3813559322033898,5300.393150125785,0.15333333333333332,150,5,0.15434920634920635,0.018193827438044628,0.07368355145852648,0.0
mtd_ai,200,0.005070760127576025,0.410958904109589,6043.2306986825715,0.20666666666666667,150,5,0.15434920634920635,0.018193827438044628,0.07368355145852648,0.0
mtd_ai,200,0.005070760127576025,0.45180722891566266,6411.502283269067,0.25333333333333335,150,5,0.15434920634920635,0.018193827438044628,0.07368355145852648,0.0
mtd_ai,200,0.005082065364461186,0.4166666666666667,1550.7022176622072,0.05333333333333334,150,5,0.10333333333333333,0.07657509335626836,0.27214683950170276,0.0
mtd_ai,200,0.005082065364461186,0.4166666666666667,3424.1381227417705,0.10666666666666667,150,5,0.10333333333333333,0.07657509335626836,0.27214683950170276,0.0
mtd_ai,200,0.005082065364461186,0.5113636363636364,3917.547300755361,0.15333333333333332,150,5,0.10333333333333333,0.07657509335626836,0.27214683950170276,0.0
mtd_ai,200,0.005082065364461186,0.5084745762711864,5188.788626988457,0.20666666666666667,150,5,0.10333333333333333,0.07657509335626836,0.27214683950170276,0.0
mtd_ai,200,0.005082065364461186,0.5434782608695652,5999.665112521912,0.25333333333333335,150,5,0.10333333333333333,0.07657509335626836,0.27214683950170276,0.0
mtd_ai,200,0.005076112496766169,0.26785714285714285,3319.075814254317,0.05333333333333334,150,5,0.09733333333333333,1.6941075278250433,5.059577625238514,0.0
mtd_ai,200,0.005076112496766169,0.3488372093023256,4411.755531217917,0.10666666666666667,150,5,0.09733333333333333,1.6941075278250433,5.059577625238514,0.0
mtd_ai,200,0.005076112496766169,0.4017857142857143,5276.917895727202,0.15333333333333332,150,5,0.09733333333333333,1.6941075278250433,5.059577625238514,0.0
mtd_ai,200,0.005076112496766169,0.44776119402985076,5657.986913549082,0.20666666666666667,150,5,0.09733333333333333,1.6941075278250433,5.059577625238514,0.0
mtd_ai,200,0.005076112496766169,0.47468354430379744,6246.660476622502,0.25333333333333335,150,5,0.09733333333333333,1.6941075278250433,5.059577625238514,0.0
mtd_ai,200,0.005071355893027162,0.25,4033.4223550510337,0.05333333333333334,150,5,0.13,4.932259366433037,4.711809574129681,0.0
mtd_ai,200,0.005071355893027162,0.3333333333333333,4779.3913754587265,0.10666666666666667,150,5,0.13,4.932259366433037,4.711809574129681,0.0
mtd_ai,200,0.005071355893027162,0.4326923076923077,5142.373076144653,0.15333333333333332,150,5,0.13,4.932259366433037,4.711809574129681,0.0
mtd_ai,200,0.005071355893027162,0.47619047619047616,5616.142155249518,0.20666666666666667,150,5,0.13,4.932259366433037,4.711809574129681,0.0
mtd_ai,200,0.005071355893027162,0.5067567567567568,6380.353764468266,0.25333333333333335,150,5,0.13,4.932259366433037,4.711809574129681,0.0
mtd_ai,200,0.005077955702517363,0.26785714285714285,3516.886682308507,0.05333333333333334,150,5,0.09833333333333333,0.6776728925164851,2.515965846922936,0.0
mtd_ai,200,0.005077955702517363,0.3488372093023256,4332.271868408661,0.10666666666666667,150,5,0.09833333333333333,0.6776728925164851,2.515965846922936,0.0
mtd_ai,200,0.005077955702517363,0.39473684210526316,5257.635472330973,0.15333333333333332,150,5,0.09833333333333333,0.6776728925164851,2.515965846922936,0.0
mtd_ai,200,0.005077955702517363,0.4411764705882353,5574.285900697871,0.20666666666666667,150,5,0.09833333333333333,0.6776728925164851,2.515965846922936,0.0
mtd_ai,200,0.005077955702517363,0.46875,6136.158156988059,0.25333333333333335,150,5,0.09833333333333333,0.6776728925164851,2.515965846922936,0.0
mtd_ai,200,0.00507392465728331,0.26785714285714285,3527.9886519137485,0.05333333333333334,150,5,0.13433333333333333,0.9015791695271674,2.66586512258085,0.0
mtd_ai,200,0.00507392465728331,0.35714285714285715,4675.062480891669,0.10666666666666667,150,5,0.13433333333333333,0.9015791695271674,2.66586512258085,0.0
mtd_ai,200,0.00507392465728331,0.42452830188679247,5321.765567557395,0.15333333333333332,150,5,0.13433333333333333,0.9015791695271674,2.66586512258085,0.0
mtd_ai,200,0.00507392465728331,0.4411764705882353,6062.910874135478,0.20666666666666667,150,5,0.13433333333333333,0.9015791695271674,2.66586512258085,0.0
mtd_ai,200,0.00507392465728331,0.47468354430379744,6389.211532936533,0.25333333333333335,150,5,0.13433333333333333,0.9015791695271674,2.66586512258085,0.0
mtd_ai,200,0.0050773716544478134,0.24193548387096775,3297.489009122085,0.05333333333333334,150,5,0.3333333333333333,0.25379522788005393,0.7782778023451811,0.0
mtd_ai,200,0.0050773716544478134,0.3488372093023256,4248.671516022705,0.10666666666666667,150,5,0.3333333333333333,0.25379522788005393,0.7782778023451811,0.0
mtd_ai,200,0.0050773716544478134,0.4090909090909091,5126.153317025363,0.15333333333333332,150,5,0.3333333333333333,0.25379522788005393,0.7782778023451811,0.0
mtd_ai,200,0.0050773716544478134,0.410958904109589,5879.186526808505,0.20666666666666667,150,5,0.3333333333333333,0.25379522788005393,0.7782778023451811,0.0
mtd_ai,200,0.0050773716544478134,0.45180722891566266,6268.210637193405,0.25333333333333335,150,5,0.3333333333333333,0.25379522788005393,0.7782778023451811,0.0
mtd_ai,200,0.005071022302398047,0.2777777777777778,3015.3912198055623,0.05333333333333334,150,5,0.13666666666666666,2.729180119342714,4.732435637123356,0.0
mtd_ai,200,0.005071022302398047,0.3488372093023256,4437.585868334161,0.10666666666666667,150,5,0.13666666666666666,2.729180119342714,4.732435637123356,0.0
mtd_ai,200,0.005071022302398047,0.4090909090909091,5569.175894677926,0.15333333333333332,150,5,0.13666666666666666,2.729180119342714,4.732435637123356,0.0
mtd_ai,200,0.005071022302398047,0.46875,5897.7286687305295,0.20666666666666667,150,5,0.13666666666666666,2.729180119342714,4.732435637123356,0.0
mtd_ai,200,0.005071022302398047,0.5,6576.047344256556,0.25333333333333335,150,5,0.13666666666666666,2.729180119342714,4.732435637123356,0.0
mtd_ai,200,0.0050768376044861155,0.3125,2767.9362879079986,0.05333333333333334,150,5,0.10333333333333333,0.9710596454903868,4.060074886522296,0.0
mtd_ai,200,0.0050768376044861155,0.375,3809.320317424436,0.10666666666666667,150,5,0.10333333333333333,0.9710596454903868,4.060074886522296,0.0
mtd_ai,200,0.0050768376044861155,0.45,4427.980549335965,0.15333333333333332,150,5,0.10333333333333333,0.9710596454903868,4.060074886522296,0.0
mtd_ai,200,0.0050768376044861155,0.45454545454545453,5443.177047875579,0.20666666666666667,150,5,0.10333333333333333,0.9710596454903868,4.060074886522296,0.0
mtd_ai,200,0.0050768376044861155,0.4807692307692308,6022.550972656387,0.25333333333333335,150,5,0.10333333333333333,0.9710596454903868,4.060074886522296,0.0
mtd_ai,200,0.005078441334788242,0.26785714285714285,2894.5973694591166,0.05333333333333334,150,5,0.11666666666666667,1.313372565320993,4.4382090712303075,0.0
mtd_ai,200,0.005078441334788242,0.3488372093023256,3919.2689370106264,0.10666666666666667,150,5,0.11666666666666667,1.313372565320993,4.4382090712303075,0.0
mtd_ai,200,0.005078441334788242,0.42452830188679247,4316.6182152994625,0.15333333333333332,150,5,0.11666666666666667,1.313372565320993,4.4382090712303075,0.0
mtd_ai,200,0.005078441334788242,0.42857142857142855,5335.027277638623,0.20666666666666667,150,5,0.11666666666666667,1.313372565320993,4.4382090712303075,0.0
mtd_ai,200,0.005078441334788242,0.4573170731707317,5899.51508679602,0.25333333333333335,150,5,0.11666666666666667,1.313372565320993,4.4382090712303075,0.0
mtd_ai,200,0.005065119047818092,0.22058823529411764,4554.267509676421,0.05333333333333334,150,5,0.12200000000000001,0.17741387146893325,0.6755767032791611,0.0
mtd_ai,200,0.005065119047818092,0.3191489361702128,5465.289618917088,0.10666666666666667,150,5,0.12200000000000001,0.17741387146893325,0.6755767032791611,0.0
mtd_ai,200,0.005065119047818092,0.39473684210526316,5917.970594443195,0.15333333333333332,150,5,0.12200000000000001,0.17741387146893325,0.6755767032791611,0.0
mtd_ai,200,0.005065119047818092,0.4225352112676056,6687.174744160733,0.20666666666666667,150,5,0.12200000000000001,0.17741387146893325,0.6755767032791611,0.0
mtd_ai,200,0.005065119047818092,0.4573170731707317,7121.1758327679945,0.25333333333333335,150,5,0.12200000000000001,0.17741387146893325,0.6755767032791611,0.0
mtd_ai,200,0.005078618111812391,0.28846153846153844,2937.4942765816595,0.05333333333333334,150,5,0.12666666666666668,0.50507389752453,1.421794500173425,0.0
mtd_ai,200,0.005078618111812391,0.36585365853658536,3975.3806041563366,0.10666666666666667,150,5,0.12666666666666668,0.50507389752453,1.421794500173425,0.0
mtd_ai,200,0.005078618111812391,0.3879310344827586,5220.719559279059,0.15333333333333332,150,5,0.12666666666666668,0.50507389752453,1.421794500173425,0.0
mtd_ai,200,0.005078618111812391,0.4411764705882353,5558.813515294243,0.20666666666666667,150,5,0.12666666666666668,0.50507389752453,1.421794500173425,0.0
mtd_ai,200,0.005078618111812391,0.47468354430379744,5877.791249156657,0.25333333333333335,150,5,0.12666666666666668,0.50507389752453,1.421794500173425,0.0
mtd_ai,200,0.0051029603118521024,0.35714285714285715,1620.2205858284212,0.05333333333333334,150,5,0.132,0.6283990254352293,2.7650744783124477,0.0
mtd_ai,200,0.0051029603118521024,0.4411764705882353,2719.941547067925,0.10666666666666667,150,5,0.132,0.6283990254352293,2.7650744783124477,0.0
mtd_ai,200,0.0051029603118521024,0.4891304347826087,3462.553801459935,0.15333333333333332,150,5,0.132,0.6283990254352293,2.7650744783124477,0.0
mtd_ai,200,0.0051029603118521024,0.5,4195.135741566602,0.20666666666666667,150,5,0.132,0.6283990254352293,2.7650744783124477,0.0
mtd_ai,200,0.0051029603118521024,0.5434782608695652,4644.145178995214,0.25333333333333335,150,5,0.132,0.6283990254352293,2.7650744783124477,0.0
mtd_ai,200,0.005081252380114302,0.26785714285714285,3211.3585091016307,0.05333333333333334,150,5,0.14904761904761904,0.46936058835636885,2.076445986119104,0.0
mtd_ai,200,0.005081252380114302,0.3409090909090909,4620.731571159167,0.10666666666666667,150,5,0.14904761904761904,0.46936058835636885,2.076445986119104,0.0
mtd_ai,200,0.005081252380114302,0.4326923076923077,4881.839925175981,0.15333333333333332,150,5,0.14904761904761904,0.46936058835636885,2.076445986119104,0.0
mtd_ai,200,0.005081252380114302,0.47619047619047616,5374.225922885011,0.20666666666666667,150,5,0.14904761904761904,0.46936058835636885,2.076445986119104,0.0
mtd_ai,200,0.005081252380114302,0.5208333333333334,5701.559396408108,0.25333333333333335,150,5,0.14904761904761904,0.46936058835636885,2.076445986119104,0.0
mtd_ai,200,0.0050860788347710855,0.2777777777777778,2818.0341107467175,0.05333333333333334,150,5,0.13033333333333333,1.1689015539309178,4.5336286585339325,0.0
mtd_ai,200,0.0050860788347710855,0.35714285714285715,3751.9972673882003,0.10666666666666667,150,5,0.13033333333333333,1.1689015539309178,4.5336286585339325,0.0
mtd_ai,200,0.0050860788347710855,0.4166666666666667,4519.196848380185,0.15333333333333332,150,5,0.13033333333333333,1.1689015539309178,4.5336286585339325,0.0
mtd_ai,200,0.0050860788347710855,0.45454545454545453,5091.371667295978,0.20666666666666667,150,5,0.13033333333333333,1.1689015539309178,4.5336286585339325,0.0
mtd_ai,200,0.0050860788347710855,0.5,5585.199974001432,0.25333333333333335,150,5,0.13033333333333333,1.1689015539309178,4.5336286585339325,0.0
mtd_ai,200,0.005071442921526237,0.19736842105263158,4422.744608956947,0.05333333333333334,150,5,0.16325396825396826,1.198959796235192,3.98437462834054,0.0
mtd_ai,200,0.005071442921526237,0.3191489361702128,4925.7637055667665,0.10666666666666667,150,5,0.16325396825396826,1.198959796235192,3.98437462834054,0.0
mtd_ai,200,0.005071442921526237,0.3879310344827586,5647.27176169649,0.15333333333333332,150,5,0.16325396825396826,1.198959796235192,3.98437462834054,0.0
mtd_ai,200,0.005071442921526237,0.4225352112676056,6172.292673801349,0.20666666666666667,150,5,0.16325396825396826,1.198959796235192,3.98437462834054,0.0
mtd_ai,200,0.005071442921526237,0.47468354430379744,6572.602069290162,0.25333333333333335,150,5,0.16325396825396826,1.198959796235192,3.98437462834054,0.0
mtd_ai,200,0.005072563246744063,0.25862068965517243,3355.6397887770036,0.05333333333333334,150,5,0.20588235294117646,0.8553216000686894,3.8329012182299684,0.0
mtd_ai,200,0.005072563246744063,0.35714285714285715,4287.579485386605,0.10666666666666667,150,5,0.20588235294117646,0.8553216000686894,3.8329012182299684,0.0
mtd_ai,200,0.005072563246744063,0.4090909090909091,5136.966891798884,0.15333333333333332,150,5,0.20588235294117646,0.8553216000686894,3.8329012182299684,0.0
mtd_ai,200,0.005072563246744063,0.4411764705882353,5862.545514206928,0.20666666666666667,150,5,0.20588235294117646,0.8553216000686894,3.8329012182299684,0.0
mtd_ai,200,0.005072563246744063,0.4573170731707317,6391.997591458631,0.25333333333333335,150,5,0.20588235294117646,0.8553216000686894,3.8329012182299684,0.0
mtd_ai,200,0.005090173281911369,0.3125,2898.8879912714256,0.05333333333333334,150,5,0.11277777777777778,0.12416238178719274,0.49598458600542056,0.0
mtd_ai,200,0.005090173281911369,0.40540540540540543,3708.884261946976,0.10666666666666667,150,5,0.11277777777777778,0.12416238178719274,0.49598458600542056,0.0
mtd_ai,200,0.005090173281911369,0.4891304347826087,4269.33349853821,0.15333333333333332,150,5,0.11277777777777778,0.12416238178719274,0.49598458600542056,0.0
mtd_ai,200,0.005090173281911369,0.5454545454545454,4705.02628418139,0.20666666666666667,150,5,0.11277777777777778,0.12416238178719274,0.49598458600542056,0.0
mtd_ai,200,0.005090173281911369,0.5769230769230769,5514.388153310549,0.25333333333333335,150,5,0.11277777777777778,0.12416238178719274,0.49598458600542056,0.0
mtd_ai,200,0.005079482523533915,0.3,2762.745531220801,0.05333333333333334,150,5,0.1411111111111111,0.6645010822542192,2.073430194183295,0.0
mtd_ai,200,0.005079482523533915,0.39473684210526316,3513.8833976527058,0.10666666666666667,150,5,0.1411111111111111,0.6645010822542192,2.073430194183295,0.0
mtd_ai,200,0.005079482523533915,0.45,4264.026027379482,0.15333333333333332,150,5,0.1411111111111111,0.6645010822542192,2.073430194183295,0.0
mtd_ai,200,0.005079482523533915,0.44776119402985076,5325.654357317128,0.20666666666666667,150,5,0.1411111111111111,0.6645010822542192,2.073430194183295,0.0
mtd_ai,200,0.005079482523533915,0.4573170731707317,5967.865740838424,0.25333333333333335,150,5,0.1411111111111111,0.6645010822542192,2.073430194183295,0.0
mtd_ai,200,0.005080339398991744,0.2777777777777778,3368.565385090775,0.05333333333333334,150,5,0.15352380952380953,0.12290567005850796,0.4447147839149397,0.0
mtd_ai,200,0.005080339398991744,0.35714285714285715,4014.0551887263746,0.10666666666666667,150,5,0.15352380952380953,0.12290567005850796,0.4447147839149397,0.0
mtd_ai,200,0.005080339398991744,0.4326923076923077,4822.62403556885,0.15333333333333332,150,5,0.15352380952380953,0.12290567005850796,0.4447147839149397,0.0
mtd_ai,200,0.005080339398991744,0.45454545454545453,5396.040941103094,0.20666666666666667,150,5,0.15352380952380953,0.12290567005850796,0.4447147839149397,0.0
mtd_ai,200,0.005080339398991744,0.4934210526315789,5896.909844084586,0.25333333333333335,150,5,0.15352380952380953,0.12290567005850796,0.4447147839149397,0.0
mtd_ai,200,0.005059376772613769,0.25862068965517243,3682.076517192966,0.05333333333333334,150,5,0.13066666666666668,0.23206637630152785,0.5565231068441479,0.0
mtd_ai,200,0.005059376772613769,0.3409090909090909,4403.756583966482,0.10666666666666667,150,5,0.13066666666666668,0.23206637630152785,0.5565231068441479,0.0
mtd_ai,200,0.005059376772613769,0.4166666666666667,5091.225676138859,0.15333333333333332,150,5,0.13066666666666668,0.23206637630152785,0.5565231068441479,0.0
mtd_ai,200,0.005059376772613769,0.43478260869565216,5889.88751311217,0.20666666666666667,150,5,0.13066666666666668,0.23206637630152785,0.5565231068441479,0.0
mtd_ai,200,0.005059376772613769,0.4411764705882353,7373.4864884989365,0.25333333333333335,150,5,0.13066666666666668,0.23206637630152785,0.5565231068441479,0.0
mtd_ai,200,0.005056033596537386,0.1875,5243.370323171298,0.05333333333333334,150,5,0.08444444444444445,2.061336851677362,3.938163276475519,0.0
mtd_ai,200,0.005056033596537386,0.2727272727272727,6245.637730458696,0.10666666666666667,150,5,0.08444444444444445,2.061336851677362,3.938163276475519,0.0
mtd_ai,200,0.005056033596537386,0.32142857142857145,6795.928717468051,0.15333333333333332,150,5,0.08444444444444445,2.061336851677362,3.938163276475519,0.0
mtd_ai,200,0.005056033596537386,0.3614457831325301,7414.933841304342,0.20666666666666667,150,5,0.08444444444444445,2.061336851677362,3.938163276475519,0.0
mtd_ai,200,0.005056033596537386,0.3787878787878788,8032.9491573401065,0.25333333333333335,150,5,0.08444444444444445,2.061336851677362,3.938163276475519,0.0
mtd_ai,200,0.0050687314918025006,0.3409090909090909,2279.0710552345267,0.05333333333333334,150,5,0.1211111111111111,0.4023106099301945,1.3859021209190816,0.0
mtd_ai,200,0.0050687314918025006,0.40540540540540543,3310.280685662097,0.10666666666666667,150,5,0.1211111111111111,0.4023106099301945,1.3859021209190816,0.0
mtd_ai,200,0.0050687314918025006,0.4411764705882353,4472.325497340386,0.15333333333333332,150,5,0.1211111111111111,0.4023106099301945,1.3859021209190816,0.0
mtd_ai,200,0.0050687314918025006,0.4918032786885246,4984.299081232275,0.20666666666666667,150,5,0.1211111111111111,0.4023106099301945,1.3859021209190816,0.0
mtd_ai,200,0.0050687314918025006,0.487012987012987,6747.01813046571,0.25333333333333335,150,5,0.1211111111111111,0.4023106099301945,1.3859021209190816,0.0
mtd_ai,200,0.005083697996865379,0.35714285714285715,2354.960768708989,0.05333333333333334,150,5,0.11333333333333333,0.3994850013104692,1.382029107636675,0.0
mtd_ai,200,0.005083697996865379,0.3333333333333333,4844.656722310528,0.10666666666666667,150,5,0.11333333333333333,0.3994850013104692,1.382029107636675,0.0
mtd_ai,200,0.005083697996865379,0.4166666666666667,5180.867100663478,0.15333333333333332,150,5,0.11333333333333333,0.3994850013104692,1.382029107636675,0.0
mtd_ai,200,0.005083697996865379,0.46875,5501.918877491058,0.20666666666666667,150,5,0.11333333333333333,0.3994850013104692,1.382029107636675,0.0
mtd_ai,200,0.005083697996865379,0.528169014084507,5760.421787506043,0.25333333333333335,150,5,0.11333333333333333,0.3994850013104692,1.382029107636675,0.0
mtd_ai,200,0.005067760013923378,0.22058823529411764,4643.65541688641,0.05333333333333334,150,5,0.12833333333333333,0.9924606101320609,1.6536466885352752,0.0
mtd_ai,200,0.005067760013923378,0.32608695652173914,5332.614092451595,0.10666666666666667,150,5,0.12833333333333333,0.9924606101320609,1.6536466885352752,0.0
mtd_ai,200,0.005067760013923378,0.4166666666666667,5641.158503918038,0.15333333333333332,150,5,0.12833333333333333,0.9924606101320609,1.6536466885352752,0.0
mtd_ai,200,0.005067760013923378,0.44776119402985076,6165.000262201836,0.20666666666666667,150,5,0.12833333333333333,0.9924606101320609,1.6536466885352752,0.0
mtd_ai,200,0.005067760013923378,0.4934210526315789,6556.1537516995995,0.25333333333333335,150,5,0.12833333333333333,0.9924606101320609,1.6536466885352752,0.0
mtd_ai,200,0.005089427465495153,0.3125,2608.527529681053,0.05333333333333334,150,5,0.15333333333333332,2.205924827127883,4.172166394939148,0.0
mtd_ai,200,0.005089427465495153,0.4166666666666667,3527.923053139886,0.10666666666666667,150,5,0.15333333333333332,2.205924827127883,4.172166394939148,0.0
mtd_ai,200,0.005089427465495153,0.4891304347826087,4079.904576446729,0.15333333333333332,150,5,0.15333333333333332,2.205924827127883,4.172166394939148,0.0
mtd_ai,200,0.005089427465495153,0.5357142857142857,4473.989163795556,0.20666666666666667,150,5,0.15333333333333332,2.205924827127883,4.172166394939148,0.0
mtd_ai,200,0.005089427465495153,0.5434782608695652,5043.70113903769,0.25333333333333335,150,5,0.15333333333333332,2.205924827127883,4.172166394939148,0.0
mtd_ai,200,0.00506427694829746,0.22058823529411764,4524.928674981296,0.05333333333333334,150,5,0.10066666666666667,0.28816152996446265,1.1677509493724905,0.0
mtd_ai,200,0.00506427694829746,0.3333333333333333,5185.850901177082,0.10666666666666667,150,5,0.10066666666666667,0.28816152996446265,1.1677509493724905,0.0
mtd_ai,200,0.00506427694829746,0.39473684210526316,6177.54098970644,0.15333333333333332,150,5,0.10066666666666667,0.28816152996446265,1.1677509493724905,0.0
mtd_ai,200,0.00506427694829746,0.4411764705882353,6647.806387027435,0.20666666666666667,150,5,0.10066666666666667,0.28816152996446265,1.1677509493724905,0.0
mtd_ai,200,0.00506427694829746,0.47468354430379744,7304.746928199257,0.25333333333333335,150,5,0.10066666666666667,0.28816152996446265,1.1677509493724905,0.0
mtd_ai,200,0.005074849479378991,0.32608695652173914,1850.3605098833846,0.05333333333333334,150,5,0.11888888888888888,0.7149605510043315,2.4451098123738992,0.0
mtd_ai,200,0.005074849479378991,0.3191489361702128,4411.015890400918,0.10666666666666667,150,5,0.11888888888888888,0.7149605510043315,2.4451098123738992,0.0
mtd_ai,200,0.005074849479378991,0.3813559322033898,5079.391175282099,0.15333333333333332,150,5,0.11888888888888888,0.7149605510043315,2.4451098123738992,0.0
mtd_ai,200,0.005074849479378991,0.410958904109589,5764.027324478222,0.20666666666666667,150,5,0.11888888888888888,0.7149605510043315,2.4451098123738992,0.0
mtd_ai,200,0.005074849479378991,0.46296296296296297,6044.894454985879,0.25333333333333335,150,5,0.11888888888888888,0.7149605510043315,2.4451098123738992,0.0
mtd_ai,200,0.005077178796466969,0.375,2221.191698155395,0.05333333333333334,150,5,0.11944444444444442,0.16589248899763392,0.42503309552489194,0.0
mtd_ai,200,0.005077178796466969,0.42857142857142855,2942.6324049023688,0.10666666666666667,150,5,0.11944444444444442,0.16589248899763392,0.42503309552489194,0.0
mtd_ai,200,0.005077178796466969,0.4787234042553192,3637.788270297471,0.15333333333333332,150,5,0.11944444444444442,0.16589248899763392,0.42503309552489194,0.0
mtd_ai,200,0.005077178796466969,0.45454545454545453,5752.428455656192,0.20666666666666667,150,5,0.11944444444444442,0.16589248899763392,0.42503309552489194,0.0
mtd_ai,200,0.005077178796466969,0.5,6245.82082609325,0.25333333333333335,150,5,0.11944444444444442,0.16589248899763392,0.42503309552489194,0.0
mtd_ai,200,0.005075933553383381,0.3,1803.7480277548243,0.05333333333333334,150,5,0.10333333333333333,0.06106359645467867,0.2629444454403089,0.0
mtd_ai,200,0.005075933553383381,0.36585365853658536,2976.147210161243,0.10666666666666667,150,5,0.10333333333333333,0.06106359645467867,0.2629444454403089,0.0
mtd_ai,200,0.005075933553383381,0.42452830188679247,3627.490869990967,0.15333333333333332,150,5,0.10333333333333333,0.06106359645467867,0.2629444454403089,0.0
mtd_ai,200,0.005075933553383381,0.44776119402985076,4531.228075089888,0.20666666666666667,150,5,0.10333333333333333,0.06106359645467867,0.2629444454403089,0.0
mtd_ai,200,0.005075933553383381,0.45180722891566266,5967.225528675099,0.25333333333333335,150,5,0.10333333333333333,0.06106359645467867,0.2629444454403089,0.0
mtd_ai,200,0.005085553395682432,0.32608695652173914,2477.4771633679893,0.05333333333333334,150,5,0.11333333333333333,0.7081936303652535,3.1615550773608714,0.0
mtd_ai,200,0.005085553395682432,0.4166666666666667,3372.733823121641,0.10666666666666667,150,5,0.11333333333333333,0.7081936303652535,3.1615550773608714,0.0
mtd_ai,200,0.005085553395682432,0.4891304347826087,4069.5495973626857,0.15333333333333332,150,5,0.11333333333333333,0.7081936303652535,3.1615550773608714,0.0
mtd_ai,200,0.005085553395682432,0.5263157894736842,4854.180929701076,0.20666666666666667,150,5,0.11333333333333333,0.7081936303652535,3.1615550773608714,0.0
mtd_ai,200,0.005085553395682432,0.5681818181818182,5376.439144636999,0.25333333333333335,150,5,0.11333333333333333,0.7081936303652535,3.1615550773608714,0.0
mtd_ai,200,0.005088071873454415,0.4166666666666667,1788.3330729838099,0.05333333333333334,150,5,0.11462962962962962,0.036089157215433924,0.11476757014726278,0.0
mtd_ai,200,0.005088071873454415,0.45454545454545453,2780.6197258201487,0.10666666666666667,150,5,0.11462962962962962,0.036089157215433924,0.11476757014726278,0.0
mtd_ai,200,0.005088071873454415,0.4891304347826087,3632.629912645337,0.15333333333333332,150,5,0.11462962962962962,0.036089157215433924,0.11476757014726278,0.0
mtd_ai,200,0.005088071873454415,0.4838709677419355,4376.222512577994,0.20666666666666667,150,5,0.11462962962962962,0.036089157215433924,0.11476757014726278,0.0
mtd_ai,200,0.005088071873454415,0.5067567567567568,5401.558923542826,0.25333333333333335,150,5,0.11462962962962962,0.036089157215433924,0.11476757014726278,0.0
mtd_ai,200,0.005059707965444996,0.234375,4332.70229454983,0.05333333333333334,150,5,0.104,0.5392216745700561,2.2411980303224635,0.0
mtd_ai,200,0.005059707965444996,0.3125,5619.143156764156,0.10666666666666667,150,5,0.104,0.5392216745700561,2.2411980303224635,0.0
mtd_ai,200,0.005059707965444996,0.3879310344827586,6087.127200692543,0.15333333333333332,150,5,0.104,0.5392216745700561,2.2411980303224635,0.0
mtd_ai,200,0.005059707965444996,0.43478260869565216,6459.508619417118,0.20666666666666667,150,5,0.104,0.5392216745700561,2.2411980303224635,0.0
mtd_ai,200,0.005059707965444996,0.45180722891566266,7738.222634070395,0.25333333333333335,150,5,0.104,0.5392216745700561,2.2411980303224635,0.0
mtd_ai,200,0.005107258135141373,0.4411764705882353,1388.0000109540315,0.05333333333333334,150,5,0.16466666666666666,0.3818201762601205,1.425205110637754,0.0
mtd_ai,200,0.005107258135141373,0.4838709677419355,2708.798515663133,0.10666666666666667,150,5,0.16466666666666666,0.3818201762601205,1.425205110637754,0.0
mtd_ai,200,0.005107258135141373,0.5625,2995.460548663935,0.15333333333333332,150,5,0.16466666666666666,0.3818201762601205,1.425205110637754,0.0
mtd_ai,200,0.005107258135141373,0.5660377358490566,3584.593601633799,0.20666666666666667,150,5,0.16466666666666666,0.3818201762601205,1.425205110637754,0.0
mtd_ai,200,0.005107258135141373,0.5769230769230769,4473.314157327671,0.25333333333333335,150,5,0.16466666666666666,0.3818201762601205,1.425205110637754,0.0
mtd_ai,200,0.0050682384168854394,0.3125,2396.219542149289,0.05333333333333334,150,5,0.10111111111111111,0.2031233628666696,0.7305158432532425,0.0
mtd_ai,200,0.0050682384168854394,0.30612244897959184,5201.840826945213,0.10666666666666667,150,5,0.10111111111111111,0.2031233628666696,0.7305158432532425,0.0
mtd_ai,200,0.0050682384168854394,0.35714285714285715,5943.090640601555,0.15333333333333332,150,5,0.10111111111111111,0.2031233628666696,0.7305158432532425,0.0
mtd_ai,200,0.0050682384168854394,0.4,6526.073610921867,0.20666666666666667,150,5,0.10111111111111111,0.2031233628666696,0.7305158432532425,0.0
mtd_ai,200,0.0050682384168854394,0.45180722891566266,6782.131006170279,0.25333333333333335,150,5,0.10111111111111111,0.2031233628666696,0.7305158432532425,0.0
mtd_ai,200,0.005064146541039893,0.21428571428571427,4799.193598799284,0.05333333333333334,150,5,0.12,0.10417784410209933,0.35474025995778075,0.0
mtd_ai,200,0.005064146541039893,0.3125,5710.6468952800315,0.10666666666666667,150,5,0.12,0.10417784410209933,0.35474025995778075,0.0
mtd_ai,200,0.005064146541039893,0.3879310344827586,6608.611648112426,0.15333333333333332,150,5,0.12,0.10417784410209933,0.35474025995778075,0.0
mtd_ai,200,0.005064146541039893,0.4411764705882353,7097.005119847574,0.20666666666666667,150,5,0.12,0.10417784410209933,0.35474025995778075,0.0
mtd_ai,200,0.005064146541039893,0.47468354430379744,7482.312799800166,0.25333333333333335,150,5,0.12,0.10417784410209933,0.35474025995778075,0.0
mtd_ai,200,0.005074523178519709,0.28846153846153844,2840.7336035560465,0.05333333333333334,150,5,0.12666666666666668,3.80108843377125,3.200953378678846,0.0
mtd_ai,200,0.005074523178519709,0.35714285714285715,3964.9909637299083,0.10666666666666667,150,5,0.12666666666666668,3.80108843377125,3.200953378678846,0.0
mtd_ai,200,0.005074523178519709,0.4411764705882353,4330.054963242785,0.15333333333333332,150,5,0.12666666666666668,3.80108843377125,3.200953378678846,0.0
mtd_ai,200,0.005074523178519709,0.45454545454545453,5755.084178476649,0.20666666666666667,150,5,0.12666666666666668,3.80108843377125,3.200953378678846,0.0
mtd_ai,200,0.005074523178519709,0.4807692307692308,6344.593325952517,0.25333333333333335,150,5,0.12666666666666668,3.80108843377125,3.200953378678846,0.0
mtd_ai,200,0.005088262528705042,0.28846153846153844,3148.4907484737755,0.05333333333333334,150,5,0.14285714285714285,0.6496902470986543,1.170498567808749,0.0
mtd_ai,200,0.005088262528705042,0.40540540540540543,3774.5369432270754,0.10666666666666667,150,5,0.14285714285714285,0.6496902470986543,1.170498567808749,0.0
mtd_ai,200,0.005088262528705042,0.4326923076923077,4698.366722793378,0.15333333333333332,150,5,0.14285714285714285,0.6496902470986543,1.170498567808749,0.0
mtd_ai,200,0.005088262528705042,0.47619047619047616,5129.246085957515,0.20666666666666667,150,5,0.14285714285714285,0.6496902470986543,1.170498567808749,0.0
mtd_ai,200,0.005088262528705042,0.5136986301369864,5435.132380480065,0.25333333333333335,150,5,0.14285714285714285,0.6496902470986543,1.170498567808749,0.0
mtd_ai,200,0.005078580637845555,0.3,2389.859364513346,0.05333333333333334,150,5,0.10194444444444443,0.7606327268093747,2.2204189375108387,0.0
mtd_ai,200,0.005078580637845555,0.3125,3900.4892068078166,0.10666666666666667,150,5,0.10194444444444443,0.7606327268093747,2.2204189375108387,0.0
mtd_ai,200,0.005078580637845555,0.35714285714285715,4522.42466211005,0.15333333333333332,150,5,0.10194444444444443,0.7606327268093747,2.2204189375108387,0.0
mtd_ai,200,0.005078580637845555,0.4,5306.252501512034,0.20666666666666667,150,5,0.10194444444444443,0.7606327268093747,2.2204189375108387,0.0
mtd_ai,200,0.005078580637845555,0.4411764705882353,5736.588310518257,0.25333333333333335,150,5,0.10194444444444443,0.7606327268093747,2.2204189375108387,0.0
mtd_ai,200,0.0050795480709591445,0.28846153846153844,2990.3227405250436,0.05333333333333334,150,5,0.1455223880597015,0.2546069353629661,0.8113325523225046,0.0
mtd_ai,200,0.0050795480709591445,0.35714285714285715,4057.097274504841,0.10666666666666667,150,5,0.1455223880597015,0.2546069353629661,0.8113325523225046,0.0
mtd_ai,200,0.0050795480709591445,0.4326923076923077,4925.054111320058,0.15333333333333332,150,5,0.1455223880597015,0.2546069353629661,0.8113325523225046,0.0
mtd_ai,200,0.0050795480709591445,0.4838709677419355,5277.387593299433,0.20666666666666667,150,5,0.1455223880597015,0.2546069353629661,0.8113325523225046,0.0
mtd_ai,200,0.0050795480709591445,0.5136986301369864,5969.755549512545,0.25333333333333335,150,5,0.1455223880597015,0.2546069353629661,0.8113325523225046,0.0
mtd_ai,200,0.005089302405485059,0.3,2529.960847151751,0.05333333333333334,150,5,0.14,6.468079704259708,4.498362375734646,0.0
mtd_ai,200,0.005089302405485059,0.36585365853658536,3789.763467263958,0.10666666666666667,150,5,0.14,6.468079704259708,4.498362375734646,0.0
mtd_ai,200,0.005089302405485059,0.4411764705882353,4575.33463674121,0.15333333333333332,150,5,0.14,6.468079704259708,4.498362375734646,0.0
mtd_ai,200,0.005089302405485059,0.47619047619047616,5164.5930865268465,0.20666666666666667,150,5,0.14,6.468079704259708,4.498362375734646,0.0
mtd_ai,200,0.005089302405485059,0.5357142857142857,5427.408115020838,0.25333333333333335,150,5,0.14,6.468079704259708,4.498362375734646,0.0
mtd_ai,200,0.0050693542234158335,0.35714285714285715,2448.4915282117254,0.05333333333333334,150,5,0.11333333333333333,2.1166034931317768,4.6434519188391015,0.0
mtd_ai,200,0.0050693542234158335,0.4411764705882353,3529.5588390451685,0.10666666666666667,150,5,0.11333333333333333,2.1166034931317768,4.6434519188391015,0.0
mtd_ai,200,0.0050693542234158335,0.5113636363636364,4200.3994866204275,0.15333333333333332,150,5,0.11333333333333333,2.1166034931317768,4.6434519188391015,0.0
mtd_ai,200,0.0050693542234158335,0.45454545454545453,6370.661252704682,0.20666666666666667,150,5,0.11333333333333333,2.1166034931317768,4.6434519188391015,0.0
mtd_ai,200,0.0050693542234158335,0.4934210526315789,7000.776790978933,0.25333333333333335,150,5,0.11333333333333333,2.1166034931317768,4.6434519188391015,0.0
mtd_ai,200,0.005073417964468296,0.39473684210526316,1955.7375239368694,0.05333333333333334,150,5,0.14555555555555558,0.08166398019578075,0.17669171629859526,0.0
mtd_ai,200,0.005073417964468296,0.3488372093023256,4707.192192886824,0.10666666666666667,150,5,0.14555555555555558,0.08166398019578075,0.17669171629859526,0.0
mtd_ai,200,0.005073417964468296,0.4166666666666667,5494.378929035824,0.15333333333333332,150,5,0.14555555555555558,0.08166398019578075,0.17669171629859526,0.0
mtd_ai,200,0.005073417964468296,0.46153846153846156,5945.519531451071,0.20666666666666667,150,5,0.14555555555555558,0.08166398019578075,0.17669171629859526,0.0
mtd_ai,200,0.005073417964468296,0.487012987012987,6395.525916023513,0.25333333333333335,150,5,0.14555555555555558,0.08166398019578075,0.17669171629859526,0.0
mtd_ai,200,0.005072132041861436,0.234375,3857.668321665815,0.05333333333333334,150,5,0.12444444444444445,1.0239660968552047,3.5180431138875408,0.0
mtd_ai,200,0.005072132041861436,0.3409090909090909,4858.903146800943,0.10666666666666667,150,5,0.12444444444444445,1.0239660968552047,3.5180431138875408,0.0
mtd_ai,200,0.005072132041861436,0.4090909090909091,5528.084149683515,0.15333333333333332,150,5,0.12444444444444445,1.0239660968552047,3.5180431138875408,0.0
mtd_ai,200,0.005072132041861436,0.45454545454545453,6082.659911528874,0.20666666666666667,150,5,0.12444444444444445,1.0239660968552047,3.5180431138875408,0.0
mtd_ai,200,0.005072132041861436,0.5,6402.085597149158,0.25333333333333335,150,5,0.12444444444444445,1.0239660968552047,3.5180431138875408,0.0
mtd_ai,200,0.005090683373253819,0.4166666666666667,1505.8136706353678,0.05333333333333334,150,5,0.06666666666666667,1.2653595377061946,3.4211878077848072,0.0
mtd_ai,200,0.005090683373253819,0.46875,2480.767589924731,0.10666666666666667,150,5,0.06666666666666667,1.2653595377061946,3.4211878077848072,0.0
mtd_ai,200,0.005090683373253819,0.5113636363636364,3569.145260828884,0.15333333333333332,150,5,0.06666666666666667,1.2653595377061946,3.4211878077848072,0.0
mtd_ai,200,0.005090683373253819,0.5172413793103449,4249.346499066094,0.20666666666666667,150,5,0.06666666666666667,1.2653595377061946,3.4211878077848072,0.0
mtd_ai,200,0.005090683373253819,0.5434782608695652,5095.099541227317,0.25333333333333335,150,5,0.06666666666666667,1.2653595377061946,3.4211878077848072,0.0
mtd_ai,200,0.00507629784605121,0.375,1962.7789836311135,0.05333333333333334,150,5,0.15811111111111112,1.5862878547630004,1.8562870619401768,0.0
mtd_ai,200,0.00507629784605121,0.42857142857142855,3099.5608553420643,0.10666666666666667,150,5,0.15811111111111112,1.5862878547630004,1.8562870619401768,0.0
mtd_ai,200,0.00507629784605121,0.4326923076923077,4194.202411577573,0.15333333333333332,150,5,0.15811111111111112,1.5862878547630004,1.8562870619401768,0.0
mtd_ai,200,0.00507629784605121,0.44776119402985076,5256.991840214463,0.20666666666666667,150,5,0.15811111111111112,1.5862878547630004,1.8562870619401768,0.0
mtd_ai,200,0.00507629784605121,0.46875,5912.388666145402,0.25333333333333335,150,5,0.15811111111111112,1.5862878547630004,1.8562870619401768,0.0
mtd_ai,200,0.005090271625793075,0.32608695652173914,1870.4233799966273,0.05333333333333334,150,5,0.12121212121212122,0.38787309171191503,1.6406556725070036,0.0
mtd_ai,200,0.005090271625793075,0.375,3376.7394567296324,0.10666666666666667,150,5,0.12121212121212122,0.38787309171191503,1.6406556725070036,0.0
mtd_ai,200,0.005090271625793075,0.46875,3643.854790747303,0.15333333333333332,150,5,0.12121212121212122,0.38787309171191503,1.6406556725070036,0.0
mtd_ai,200,0.005090271625793075,0.46875,4603.618305273945,0.20666666666666667,150,5,0.12121212121212122,0.38787309171191503,1.6406556725070036,0.0
mtd_ai,200,0.005090271625793075,0.4807692307692308,5309.252191805831,0.25333333333333335,150,5,0.12121212121212122,0.38787309171191503,1.6406556725070036,0.0
mtd_ai,200,0.005075949419433593,0.25,3520.2696936576403,0.05333333333333334,150,5,0.13422222222222221,0.8704602250203871,2.5703432109558366,0.0
mtd_ai,200,0.005075949419433593,0.3191489361702128,4801.962798327907,0.10666666666666667,150,5,0.13422222222222221,0.8704602250203871,2.5703432109558366,0.0
mtd_ai,200,0.005075949419433593,0.39473684210526316,5156.337941920463,0.15333333333333332,150,5,0.13422222222222221,0.8704602250203871,2.5703432109558366,0.0
mtd_ai,200,0.005075949419433593,0.44776119402985076,5560.530128070583,0.20666666666666667,150,5,0.13422222222222221,0.8704602250203871,2.5703432109558366,0.0
mtd_ai,200,0.005075949419433593,0.4934210526315789,5942.029799813006,0.25333333333333335,150,5,0.13422222222222221,0.8704602250203871,2.5703432109558366,0.0
mtd_ai,200,0.005068543528567574,0.25862068965517243,3452.498903693232,0.05333333333333334,150,5,0.15600000000000003,0.28777088139830986,1.2820076559595803,0.0
mtd_ai,200,0.005068543528567574,0.3409090909090909,4714.509978951704,0.10666666666666667,150,5,0.15600000000000003,0.28777088139830986,1.2820076559595803,0.0
mtd_ai,200,0.005068543528567574,0.42452830188679247,5193.627965258471,0.15333333333333332,150,5,0.15600000000000003,0.28777088139830986,1.2820076559595803,0.0
mtd_ai,200,0.005068543528567574,0.46153846153846156,5685.823887402348,0.20666666666666667,150,5,0.15600000000000003,0.28777088139830986,1.2820076559595803,0.0
mtd_ai,200,0.005068543528567574,0.4807692307692308,6751.689184360843,0.25333333333333335,150,5,0.15600000000000003,0.28777088139830986,1.2820076559595803,0.0
mtd_ai,200,0.005078361210019442,0.3409090909090909,2257.933430605482,0.05333333333333334,150,5,0.1277777777777778,0.6897393887969849,2.261850220549341,0.0
mtd_ai,200,0.005078361210019442,0.4166666666666667,3218.2759742162157,0.10666666666666667,150,5,0.1277777777777778,0.6897393887969849,2.261850220549341,0.0
mtd_ai,200,0.005078361210019442,0.46875,3970.933960554776,0.15333333333333332,150,5,0.1277777777777778,0.6897393887969849,2.261850220549341,0.0
mtd_ai,200,0.005078361210019442,0.45454545454545453,5254.214904432879,0.20666666666666667,150,5,0.1277777777777778,0.6897393887969849,2.261850220549341,0.0
mtd_ai,200,0.005078361210019442,0.487012987012987,6000.125392428152,0.25333333333333335,150,5,0.1277777777777778,0.6897393887969849,2.261850220549341,0.0
mtd_ai,200,0.0050728525802181896,0.4166666666666667,1773.8255234461067,0.05333333333333334,150,5,0.1311111111111111,1.1511342744174393,3.6413839878527394,0.0
mtd_ai,200,0.0050728525802181896,0.3409090909090909,4658.817870838086,0.10666666666666667,150,5,0.1311111111111111,1.1511342744174393,3.6413839878527394,0.0
mtd_ai,200,0.0050728525802181896,0.3879310344827586,5494.970543413421,0.15333333333333332,150,5,0.1311111111111111,1.1511342744174393,3.6413839878527394,0.0
mtd_ai,200,0.0050728525802181896,0.44776119402985076,6161.985017262272,0.20666666666666667,150,5,0.1311111111111111,1.1511342744174393,3.6413839878527394,0.0
mtd_ai,200,0.0050728525802181896,0.487012987012987,6495.105396928886,0.25333333333333335,150,5,0.1311111111111111,1.1511342744174393,3.6413839878527394,0.0
mtd_ai,200,0.0050806459223871284,0.3,2561.3723114093846,0.05333333333333334,150,5,0.14055555555555554,0.09532341459498514,0.3827647902866423,0.0
mtd_ai,200,0.0050806459223871284,0.3409090909090909,4488.847254647614,0.10666666666666667,150,5,0.14055555555555554,0.09532341459498514,0.3827647902866423,0.0
mtd_ai,200,0.0050806459223871284,0.4166666666666667,5007.257194406123,0.15333333333333332,150,5,0.14055555555555554,0.09532341459498514,0.3827647902866423,0.0
mtd_ai,200,0.0050806459223871284,0.47619047619047616,5414.127329860264,0.20666666666666667,150,5,0.14055555555555554,0.09532341459498514,0.3827647902866423,0.0
mtd_ai,200,0.0050806459223871284,0.528169014084507,5683.204929903824,0.25333333333333335,150,5,0.14055555555555554,0.09532341459498514,0.3827647902866423,0.0
mtd_ai,200,0.005072953041572882,0.32608695652173914,2579.1823558410697,0.05333333333333334,150,5,0.10933333333333332,0.4396056688717499,1.2773808880573148,0.0
mtd_ai,200,0.005072953041572882,0.3409090909090909,4385.371508305766,0.10666666666666667,150,5,0.10933333333333332,0.4396056688717499,1.2773808880573148,0.0
mtd_ai,200,0.005072953041572882,0.4326923076923077,4762.488659721104,0.15333333333333332,150,5,0.10933333333333332,0.4396056688717499,1.2773808880573148,0.0
mtd_ai,200,0.005072953041572882,0.44776119402985076,6017.173341046237,0.20666666666666667,150,5,0.10933333333333332,0.4396056688717499,1.2773808880573148,0.0
mtd_ai,200,0.005072953041572882,0.4934210526315789,6292.0068519759525,0.25333333333333335,150,5,0.10933333333333332,0.4396056688717499,1.2773808880573148,0.0
mtd_ai,200,0.0050715198205025305,0.3,2888.537718568573,0.05333333333333334,150,5,0.139,0.37692042451174274,0.7291242011818816,0.0
mtd_ai,200,0.0050715198205025305,0.38461538461538464,4307.218739675653,0.10666666666666667,150,5,0.139,0.37692042451174274,0.7291242011818816,0.0
mtd_ai,200,0.0050715198205025305,0.4326923076923077,5521.853481083794,0.15333333333333332,150,5,0.139,0.37692042451174274,0.7291242011818816,0.0
mtd_ai,200,0.0050715198205025305,0.45454545454545453,6344.418960120474,0.20666666666666667,150,5,0.139,0.37692042451174274,0.7291242011818816,0.0
mtd_ai,200,0.0050715198205025305,0.5,6590.289281387199,0.25333333333333335,150,5,0.139,0.37692042451174274,0.7291242011818816,0.0
mtd_ai,200,0.00508767337488497,0.28846153846153844,2391.9723025791873,0.05333333333333334,150,5,0.13444444444444442,0.333107975716511,1.0353165303816099,0.0
mtd_ai,200,0.00508767337488497,0.40540540540540543,2971.6037036316775,0.10666666666666667,150,5,0.13444444444444442,0.333107975716511,1.0353165303816099,0.0
mtd_ai,200,0.00508767337488497,0.4411764705882353,3834.2173867649335,0.15333333333333332,150,5,0.13444444444444442,0.333107975716511,1.0353165303816099,0.0
mtd_ai,200,0.00508767337488497,0.45454545454545453,4833.5425734197825,0.20666666666666667,150,5,0.13444444444444442,0.333107975716511,1.0353165303816099,0.0
mtd_ai,200,0.00508767337488497,0.5,5303.960124035111,0.25333333333333335,150,5,0.13444444444444442,0.333107975716511,1.0353165303816099,0.0
mtd_ai,200,0.005079158110873308,0.24193548387096775,3500.72869189093,0.05333333333333334,150,5,0.10533333333333333,0.8761795835097972,2.3134315943702957,0.0
mtd_ai,200,0.005079158110873308,0.3191489361702128,4894.977926211963,0.10666666666666667,150,5,0.10533333333333333,0.8761795835097972,2.3134315943702957,0.0
mtd_ai,200,0.005079158110873308,0.4090909090909091,5161.806624279892,0.15333333333333332,150,5,0.10533333333333333,0.8761795835097972,2.3134315943702957,0.0
mtd_ai,200,0.005079158110873308,0.44776119402985076,5693.804020525173,0.20666666666666667,150,5,0.10533333333333333,0.8761795835097972,2.3134315943702957,0.0
mtd_ai,200,0.005079158110873308,0.487012987012987,6135.2156559781015,0.25333333333333335,150,5,0.10533333333333333,0.8761795835097972,2.3134315943702957,0.0
mtd_ai,200,0.005061826554286971,0.2777777777777778,3312.110999206465,0.05333333333333334,150,5,0.1875,0.3413254012455017,1.3447011205947335,0.0
mtd_ai,200,0.005061826554286971,0.375,4138.546550933646,0.10666666666666667,150,5,0.1875,0.3413254012455017,1.3447011205947335,0.0
mtd_ai,200,0.005061826554286971,0.45,4707.742787770852,0.15333333333333332,150,5,0.1875,0.3413254012455017,1.3447011205947335,0.0
mtd_ai,200,0.005061826554286971,0.46875,5634.234961270338,0.20666666666666667,150,5,0.1875,0.3413254012455017,1.3447011205947335,0.0
mtd_ai,200,0.005061826554286971,0.46875,7347.699524305146,0.25333333333333335,150,5,0.1875,0.3413254012455017,1.3447011205947335,0.0
mtd_ai,200,0.005080491711796049,0.35714285714285715,2185.6554233424267,0.05333333333333334,150,5,0.12,1.0969289599252192,4.396840517082518,0.0
mtd_ai,200,0.005080491711796049,0.45454545454545453,2818.0108964902915,0.10666666666666667,150,5,0.12,1.0969289599252192,4.396840517082518,0.0
mtd_ai,200,0.005080491711796049,0.5113636363636364,3805.4704764247645,0.15333333333333332,150,5,0.12,1.0969289599252192,4.396840517082518,0.0
mtd_ai,200,0.005080491711796049,0.5,4781.287173677128,0.20666666666666667,150,5,0.12,1.0969289599252192,4.396840517082518,0.0
mtd_ai,200,0.005080491711796049,0.5136986301369864,5781.503385770059,0.25333333333333335,150,5,0.12,1.0969289599252192,4.396840517082518,0.0
mtd_ai,200,0.005077877706870762,0.24193548387096775,3473.011894677043,0.05333333333333334,150,5,0.12792592592592594,0.07252388735455195,0.18668698646180293,0.0
mtd_ai,200,0.005077877706870762,0.3409090909090909,4477.532705897524,0.10666666666666667,150,5,0.12792592592592594,0.07252388735455195,0.18668698646180293,0.0
mtd_ai,200,0.005077877706870762,0.4017857142857143,5274.769086157764,0.15333333333333332,150,5,0.12792592592592594,0.07252388735455195,0.18668698646180293,0.0
mtd_ai,200,0.005077877706870762,0.46875,5542.283224658685,0.20666666666666667,150,5,0.12792592592592594,0.07252388735455195,0.18668698646180293,0.0
mtd_ai,200,0.005077877706870762,0.487012987012987,6173.548203364172,0.25333333333333335,150,5,0.12792592592592594,0.07252388735455195,0.18668698646180293,0.0
mtd_ai,200,0.005068094004363951,0.375,2683.2653464185696,0.05333333333333334,150,5,0.139,1.0149503168347218,1.1155375326575256,0.0
mtd_ai,200,0.005068094004363951,0.4166666666666667,3985.3959458896616,0.10666666666666667,150,5,0.139,1.0149503168347218,1.1155375326575256,0.0
mtd_ai,200,0.005068094004363951,0.46875,4736.300956350442,0.15333333333333332,150,5,0.139,1.0149503168347218,1.1155375326575256,0.0
mtd_ai,200,0.005068094004363951,0.46153846153846156,5687.663258832063,0.20666666666666667,150,5,0.139,1.0149503168347218,1.1155375326575256,0.0
mtd_ai,200,0.005068094004363951,0.47468354430379744,6754.030723508132,0.25333333333333335,150,5,0.139,1.0149503168347218,1.1155375326575256,0.0
mtd_ai,200,0.005077357095294346,0.3125,3039.792759560645,0.05333333333333334,150,5,0.18776190476190474,12.456769861519987,4.229738198893363,0.0
mtd_ai,200,0.005077357095294346,0.40540540540540543,3915.7550441137705,0.10666666666666667,150,5,0.18776190476190474,12.456769861519987,4.229738198893363,0.0
mtd_ai,200,0.005077357095294346,0.4326923076923077,5294.371563049264,0.15333333333333332,150,5,0.18776190476190474,12.456769861519987,4.229738198893363,0.0
mtd_ai,200,0.005077357095294346,0.46153846153846156,5845.917105860353,0.20666666666666667,150,5,0.18776190476190474,12.456769861519987,4.229738198893363,0.0
mtd_ai,200,0.005077357095294346,0.5136986301369864,6071.162799697854,0.25333333333333335,150,5,0.18776190476190474,12.456769861519987,4.229738198893363,0.0
mtd_ai,200,0.00506730160537084,0.3125,2681.6685157361017,0.05333333333333334,150,5,0.13311111111111112,1.0931524963410089,2.320062590427181,0.0
mtd_ai,200,0.00506730160537084,0.375,3499.09321429469,0.10666666666666667,150,5,0.13311111111111112,1.0931524963410089,2.320062590427181,0.0
mtd_ai,200,0.00506730160537084,0.4166666666666667,4878.4459137255835,0.15333333333333332,150,5,0.13311111111111112,1.0931524963410089,2.320062590427181,0.0
mtd_ai,200,0.00506730160537084,0.43478260869565216,6199.968517197407,0.20666666666666667,150,5,0.13311111111111112,1.0931524963410089,2.320062590427181,0.0
mtd_ai,200,0.00506730160537084,0.46296296296296297,6690.96114012024,0.25333333333333335,150,5,0.13311111111111112,1.0931524963410089,2.320062590427181,0.0
mtd_ai,200,0.0050735666211598925,0.32608695652173914,2461.411316735628,0.05333333333333334,150,5,0.09833333333333333,3.096705738261398,3.91568549786957,0.0
mtd_ai,200,0.0050735666211598925,0.40540540540540543,3301.8958458685333,0.10666666666666667,150,5,0.09833333333333333,3.096705738261398,3.91568549786957,0.0
mtd_ai,200,0.0050735666211598925,0.45,4120.30292700338,0.15333333333333332,150,5,0.09833333333333333,3.096705738261398,3.91568549786957,0.0
mtd_ai,200,0.0050735666211598925,0.43478260869565216,5933.001333684738,0.20666666666666667,150,5,0.09833333333333333,3.096705738261398,3.91568549786957,0.0
mtd_ai,200,0.0050735666211598925,0.43103448275862066,6880.499354810638,0.25333333333333335,150,5,0.09833333333333333,3.096705738261398,3.91568549786957,0.0
mtd_ai,200,0.005079180056410765,0.2777777777777778,2950.093301718476,0.05333333333333334,150,5,0.14,0.5879281523586405,2.215786248315768,0.0
mtd_ai,200,0.005079180056410765,0.39473684210526316,3452.1642283233737,0.10666666666666667,150,5,0.14,0.5879281523586405,2.215786248315768,0.0
mtd_ai,200,0.005079180056410765,0.4411764705882353,4395.754024944026,0.15333333333333332,150,5,0.14,0.5879281523586405,2.215786248315768,0.0
mtd_ai,200,0.005079180056410765,0.4411764705882353,5591.504526701743,0.20666666666666667,150,5,0.14,0.5879281523586405,2.215786248315768,0.0
mtd_ai,200,0.005079180056410765,0.4934210526315789,5920.067379392965,0.25333333333333335,150,5,0.14,0.5879281523586405,2.215786248315768,0.0
mtd_ai,200,0.0050756197975973414,0.3409090909090909,2290.1181898194104,0.05333333333333334,150,5,0.19233333333333336,0.2332955167182446,0.9714524309863987,0.0
mtd_ai,200,0.0050756197975973414,0.3409090909090909,4833.604181248559,0.10666666666666667,150,5,0.19233333333333336,0.2332955167182446,0.9714524309863987,0.0
mtd_ai,200,0.0050756197975973414,0.4166666666666667,5331.450910998568,0.15333333333333332,150,5,0.19233333333333336,0.2332955167182446,0.9714524309863987,0.0
mtd_ai,200,0.0050756197975973414,0.44776119402985076,5875.514713438071,0.20666666666666667,150,5,0.19233333333333336,0.2332955167182446,0.9714524309863987,0.0
mtd_ai,200,0.0050756197975973414,0.4807692307692308,6221.979033204618,0.25333333333333335,150,5,0.19233333333333336,0.2332955167182446,0.9714524309863987,0.0
mtd_ai,200,0.005091282774297189,0.4411764705882353,1605.7728088159568,0.05333333333333334,150,5,0.10222222222222223,0.6792022636119407,2.5710311401807777,0.0
mtd_ai,200,0.005091282774297189,0.40540540540540543,3837.535730730234,0.10666666666666667,150,5,0.10222222222222223,0.6792022636119407,2.5710311401807777,0.0
mtd_ai,200,0.005091282774297189,0.46875,4639.022701580312,0.15333333333333332,150,5,0.10222222222222223,0.6792022636119407,2.5710311401807777,0.0
mtd_ai,200,0.005091282774297189,0.5,5161.798162754625,0.20666666666666667,150,5,0.10222222222222223,0.6792022636119407,2.5710311401807777,0.0
mtd_ai,200,0.005091282774297189,0.5514705882352942,5481.308333070296,0.25333333333333335,150,5,0.10222222222222223,0.6792022636119407,2.5710311401807777,0.0
mtd_ai,200,0.005084398714049928,0.32608695652173914,2635.68711027255,0.05333333333333334,150,5,0.092,0.8335289534148865,3.4447778501194213,0.0
mtd_ai,200,0.005084398714049928,0.375,4266.088987242612,0.10666666666666667,150,5,0.092,0.8335289534148865,3.4447778501194213,0.0
mtd_ai,200,0.005084398714049928,0.45,4761.271708128848,0.15333333333333332,150,5,0.092,0.8335289534148865,3.4447778501194213,0.0
mtd_ai,200,0.005084398714049928,0.5,5187.343079131424,0.20666666666666667,150,5,0.092,0.8335289534148865,3.4447778501194213,0.0
mtd_ai,200,0.005084398714049928,0.5514705882352942,5608.965382718081,0.25333333333333335,150,5,0.092,0.8335289534148865,3.4447778501194213,0.0
mtd_ai,200,0.005081419356509733,0.20270270270270271,3888.1388724213157,0.05333333333333334,150,5,0.1,0.886424933560724,3.2623325205315687,0.0
mtd_ai,200,0.005081419356509733,0.29411764705882354,4488.814340816435,0.10666666666666667,150,5,0.1,0.886424933560724,3.2623325205315687,0.0
mtd_ai,200,0.005081419356509733,0.375,4891.174583195898,0.15333333333333332,150,5,0.1,0.886424933560724,3.2623325205315687,0.0
mtd_ai,200,0.005081419356509733,0.4166666666666667,5449.191734893196,0.20666666666666667,150,5,0.1,0.886424933560724,3.2623325205315687,0.0
mtd_ai,200,0.005081419356509733,0.46875,5760.857775441635,0.25333333333333335,150,5,0.1,0.886424933560724,3.2623325205315687,0.0
mtd_ai,200,0.005090957244644063,0.26785714285714285,3071.0046732425644,0.05333333333333334,150,5,0.17833333333333334,0.4666314034822202,1.5538996083555716,0.0
mtd_ai,200,0.005090957244644063,0.36585365853658536,3553.3613001457356,0.10666666666666667,150,5,0.17833333333333334,0.4666314034822202,1.5538996083555716,0.0
mtd_ai,200,0.005090957244644063,0.42452830188679247,4023.404890189574,0.15333333333333332,150,5,0.17833333333333334,0.4666314034822202,1.5538996083555716,0.0
mtd_ai,200,0.005090957244644063,0.45454545454545453,4581.298146318502,0.20666666666666667,150,5,0.17833333333333334,0.4666314034822202,1.5538996083555716,0.0
mtd_ai,200,0.005090957244644063,0.487012987012987,5123.773129987878,0.25333333333333335,150,5,0.17833333333333334,0.4666314034822202,1.5538996083555716,0.0
mtd_ai,200,0.005063993381326257,0.19736842105263158,3810.879225760401,0.05333333333333334,150,5,0.1,4.548684370717807,5.494641645459171,0.0
mtd_ai,200,0.005063993381326257,0.2777777777777778,5187.4041726395435,0.10666666666666667,150,5,0.1,4.548684370717807,5.494641645459171,0.0
mtd_ai,200,0.005063993381326257,0.34615384615384615,5840.540219748916,0.15333333333333332,150,5,0.1,4.548684370717807,5.494641645459171,0.0
mtd_ai,200,0.005063993381326257,0.37037037037037035,6862.041303585076,0.20666666666666667,150,5,0.1,4.548684370717807,5.494641645459171,0.0
mtd_ai,200,0.005063993381326257,0.4166666666666667,7172.5097175696865,0.25333333333333335,150,5,0.1,4.548684370717807,5.494641645459171,0.0
mtd_ai,200,0.005064030430510959,0.375,1834.495101983372,0.05333333333333334,150,5,0.1361111111111111,0.364560416124689,1.1863230618793237,0.0
mtd_ai,200,0.005064030430510959,0.40540540540540543,3662.1784960839386,0.10666666666666667,150,5,0.1361111111111111,0.364560416124689,1.1863230618793237,0.0
mtd_ai,200,0.005064030430510959,0.4090909090909091,5499.230981440725,0.15333333333333332,150,5,0.1361111111111111,0.364560416124689,1.1863230618793237,0.0
mtd_ai,200,0.005064030430510959,0.4411764705882353,6699.797150115947,0.20666666666666667,150,5,0.1361111111111111,0.364560416124689,1.1863230618793237,0.0
mtd_ai,200,0.005064030430510959,0.46296296296296297,7299.043707754904,0.25333333333333335,150,5,0.1361111111111111,0.364560416124689,1.1863230618793237,0.0
mtd_ai,200,0.005072587960808715,0.3,2855.378863268964,0.05333333333333334,150,5,0.10533333333333333,0.09726803578517688,0.2834973460880487,0.0
mtd_ai,200,0.005072587960808715,0.38461538461538464,3875.8725100749966,0.10666666666666667,150,5,0.10533333333333333,0.09726803578517688,0.2834973460880487,0.0
mtd_ai,200,0.005072587960808715,0.45918367346938777,4515.956162625431,0.15333333333333332,150,5,0.10533333333333333,0.09726803578517688,0.2834973460880487,0.0
mtd_ai,200,0.005072587960808715,0.46153846153846156,5430.508584177377,0.20666666666666667,150,5,0.10533333333333333,0.09726803578517688,0.2834973460880487,0.0
mtd_ai,200,0.005072587960808715,0.46296296296296297,6191.737187725492,0.25333333333333335,150,5,0.10533333333333333,0.09726803578517688,0.2834973460880487,0.0
mtd_ai,200,0.005081303506362883,0.2777777777777778,3385.845560521987,0.05333333333333334,150,5,0.10133333333333333,0.9618106575092406,3.175601124507716,0.0
mtd_ai,200,0.005081303506362883,0.3191489361702128,4783.83349557379,0.10666666666666667,150,5,0.10133333333333333,0.9618106575092406,3.175601124507716,0.0
mtd_ai,200,0.005081303506362883,0.4017857142857143,5165.211598741529,0.15333333333333332,150,5,0.10133333333333333,0.9618106575092406,3.175601124507716,0.0
mtd_ai,200,0.005081303506362883,0.44776119402985076,5498.6031508870765,0.20666666666666667,150,5,0.10133333333333333,0.9618106575092406,3.175601124507716,0.0
mtd_ai,200,0.005081303506362883,0.5,5833.078315418907,0.25333333333333335,150,5,0.10133333333333333,0.9618106575092406,3.175601124507716,0.0
mtd_ai,200,0.005070260136219044,0.5,1418.7955944440848,0.05333333333333334,150,5,0.16666666666666666,0.5414292269257482,1.8550964047317318,0.0
mtd_ai,200,0.005070260136219044,0.3125,4872.256245543054,0.10666666666666667,150,5,0.16666666666666666,0.5414292269257482,1.8550964047317318,0.0
mtd_ai,200,0.005070260136219044,0.3813559322033898,5662.684449211041,0.15333333333333332,150,5,0.16666666666666666,0.5414292269257482,1.8550964047317318,0.0
mtd_ai,200,0.005070260136219044,0.410958904109589,6248.407892547628,0.20666666666666667,150,5,0.16666666666666666,0.5414292269257482,1.8550964047317318,0.0
mtd_ai,200,0.005070260136219044,0.45180722891566266,6640.504731232637,0.25333333333333335,150,5,0.16666666666666666,0.5414292269257482,1.8550964047317318,0.0
mtd_ai,200,0.005075367208474463,0.39473684210526316,1658.7422181249663,0.05333333333333334,150,5,0.14400000000000002,0.13756228654100225,0.3681153209352314,0.0
mtd_ai,200,0.005075367208474463,0.3488372093023256,4491.280047475846,0.10666666666666667,150,5,0.14400000000000002,0.13756228654100225,0.3681153209352314,0.0
mtd_ai,200,0.005075367208474463,0.42452830188679247,5117.243900891625,0.15333333333333332,150,5,0.14400000000000002,0.13756228654100225,0.3681153209352314,0.0
mtd_ai,200,0.005075367208474463,0.46153846153846156,5723.016281391657,0.20666666666666667,150,5,0.14400000000000002,0.13756228654100225,0.3681153209352314,0.0
mtd_ai,200,0.005075367208474463,0.5,6185.208096001997,0.25333333333333335,150,5,0.14400000000000002,0.13756228654100225,0.3681153209352314,0.0
mtd_ai,200,0.005069549306745067,0.25862068965517243,3687.47742256309,0.05333333333333334,150,5,0.11,1.4586566924875861,3.9423921359971783,0.0
mtd_ai,200,0.005069549306745067,0.3488372093023256,4877.526209365016,0.10666666666666667,150,5,0.11,1.4586566924875861,3.9423921359971783,0.0
mtd_ai,200,0.005069549306745067,0.4326923076923077,5212.959319605137,0.15333333333333332,150,5,0.11,1.4586566924875861,3.9423921359971783,0.0
mtd_ai,200,0.005069549306745067,0.46875,5634.335205363369,0.20666666666666667,150,5,0.11,1.4586566924875861,3.9423921359971783,0.0
mtd_ai,200,0.005069549306745067,0.487012987012987,6684.124165272099,0.25333333333333335,150,5,0.11,1.4586566924875861,3.9423921359971783,0.0
mtd_ai,200,0.005086956264067297,0.35714285714285715,2505.2121022789615,0.05333333333333334,150,5,0.16111111111111112,0.7540688245482597,3.046420757963745,0.0
mtd_ai,200,0.005086956264067297,0.39473684210526316,3927.11938088603,0.10666666666666667,150,5,0.16111111111111112,0.7540688245482597,3.046420757963745,0.0
mtd_ai,200,0.005086956264067297,0.45918367346938777,4644.398640342128,0.15333333333333332,150,5,0.16111111111111112,0.7540688245482597,3.046420757963745,0.0
mtd_ai,200,0.005086956264067297,0.5,5223.899970567154,0.20666666666666667,150,5,0.16111111111111112,0.7540688245482597,3.046420757963745,0.0
mtd_ai,200,0.005086956264067297,0.5434782608695652,5556.172519415917,0.25333333333333335,150,5,0.16111111111111112,0.7540688245482597,3.046420757963745,0.0
mtd_ai,200,0.005090747842245427,0.375,1713.586234885318,0.05333333333333334,150,5,0.21365079365079362,0.9225498618773234,2.394310175491045,0.0
mtd_ai,200,0.005090747842245427,0.45454545454545453,2720.050903353578,0.10666666666666667,150,5,0.21365079365079362,0.9225498618773234,2.394310175491045,0.0
mtd_ai,200,0.005090747842245427,0.5113636363636364,3493.239907275549,0.15333333333333332,150,5,0.21365079365079362,0.9225498618773234,2.394310175491045,0.0
mtd_ai,200,0.005090747842245427,0.5084745762711864,4404.4502882437555,0.20666666666666667,150,5,0.21365079365079362,0.9225498618773234,2.394310175491045,0.0
mtd_ai,200,0.005090747842245427,0.5357142857142857,5181.325395556549,0.25333333333333335,150,5,0.21365079365079362,0.9225498618773234,2.394310175491045,0.0
mtd_ai,200,0.005083988727424417,0.35714285714285715,1998.0071406510333,0.05333333333333334,150,5,0.12166666666666667,0.4460166821276025,1.416002923254189,0.0
mtd_ai,200,0.005083988727424417,0.39473684210526316,3618.5022369449634,0.10666666666666667,150,5,0.12166666666666667,0.4460166821276025,1.416002923254189,0.0
mtd_ai,200,0.005083988727424417,0.46875,4127.3761201964,0.15333333333333332,150,5,0.12166666666666667,0.4460166821276025,1.416002923254189,0.0
mtd_ai,200,0.005083988727424417,0.5084745762711864,5005.83720297294,0.20666666666666667,150,5,0.12166666666666667,0.4460166821276025,1.416002923254189,0.0
mtd_ai,200,0.005083988727424417,0.528169014084507,5524.847242358838,0.25333333333333335,150,5,0.12166666666666667,0.4460166821276025,1.416002923254189,0.0
mtd_ai,200,0.005081278753729206,0.25862068965517243,3450.4120134903933,0.05333333333333334,150,5,0.25,1.306777494738607,4.420724106643255,0.0
mtd_ai,200,0.005081278753729206,0.375,3944.7059013942962,0.10666666666666667,150,5,0.25,1.306777494738607,4.420724106643255,0.0
mtd_ai,200,0.005081278753729206,0.4326923076923077,4808.601821701024,0.15333333333333332,150,5,0.25,1.306777494738607,4.420724106643255,0.0
mtd_ai,200,0.005081278753729206,0.46153846153846156,5526.942156652948,0.20666666666666667,150,5,0.25,1.306777494738607,4.420724106643255,0.0
mtd_ai,200,0.005081278753729206,0.5,6001.83156160218,0.25333333333333335,150,5,0.25,1.306777494738607,4.420724106643255,0.0
